Title: A Swift look at SN 2011fe: The Earliest Ultraviolet Observations of a 
       Type Ia Supernova  
Authors: Brown P.J., Dawson K.S., de Pasquale M., Gronwall C., Holland S., 
         Immler S., Kuin P., Mazzali P., Milne P., Oates S., Siegel M. 
Table: SN2011fe UVOT Magnitudes, Count Rates and Fluxes
================================================================================
Byte-by-byte Description of file: apj431440t1_mrt.txt
-------------------------------------------------------------------------------
   Bytes Format Units   Label   Explanations
--------------------------------------------------------------------------------
   1-  4 A4     ---     Filter  Filter used in observation
   6- 15 F10.4  d       MJD     Modified Julian Date of observation  
  17- 21 F5.2   mag     mag     ? Observed magnitude in Filter
  23- 26 F4.2   mag   e_mag     ? Uncertainty in mag  
  28- 32 F5.2   mag     Upper   The 3{sigma} upper limit  
  34- 39 F6.2   ct/s    CRate   Count rate  
  41- 45 F5.2   ct/s  e_CRate   Uncertainty in CRate 
  47- 54 E8.2   mW/m2   Flux    Observed flux; erg/s/cm^2^   
  56- 63 E8.2   mW/m2 e_Flux    Uncertainty in Flux; erg/s/cm^2^
--------------------------------------------------------------------------------
uvw2 55797.9285            18.80   0.10  0.06 6.03e-13 3.59e-13 
uvw2 55797.9954            18.80   0.14  0.07 7.92e-13 3.65e-13 
uvw2 55799.0045 17.53 0.16 18.42   0.87  0.13 5.15e-12 7.58e-13 
uvw2 55799.1339 17.59 0.15 18.56   0.82  0.11 4.90e-12 6.67e-13 
uvw2 55799.2115 17.46 0.14 18.50   0.93  0.12 5.43e-12 6.97e-13 
uvw2 55799.4016 17.42 0.14 18.48   0.96  0.12 5.83e-12 7.34e-13 
uvw2 55799.5407 17.29 0.12 18.51   1.09  0.12 6.42e-12 6.94e-13 
uvw2 55800.0696 16.84 0.09 18.33   1.64  0.14 9.67e-12 8.24e-13 
uvw2 55800.2071 16.67 0.10 18.08   1.93  0.18 1.14e-11 1.04e-12 
uvw2 55800.3419 16.67 0.09 18.18   1.92  0.16 1.13e-11 9.31e-13 
uvw2 55800.6152 16.45 0.07 18.24   2.35  0.15 1.37e-11 8.79e-13 
uvw2 55800.7380 16.34 0.07 18.07   2.61  0.18 1.53e-11 1.03e-12 
uvw2 55800.8097 16.21 0.08 17.81   2.94  0.22 1.72e-11 1.31e-12 
uvw2 55800.9362 16.16 0.09 17.74   3.07  0.24 1.79e-11 1.39e-12 
uvw2 55801.0265 16.22 0.10 17.68   2.90  0.25 1.70e-11 1.48e-12 
uvw2 55801.1410 16.06 0.07 17.84   3.38  0.22 1.96e-11 1.27e-12 
uvw2 55801.2218 16.08 0.07 17.91   3.31  0.20 1.94e-11 1.19e-12 
uvw2 55801.2868 16.05 0.08 17.68   3.40  0.25 1.97e-11 1.46e-12 
uvw2 55801.4155 16.01 0.09 17.53   3.52  0.29 2.06e-11 1.70e-12 
uvw2 55801.4891 15.84 0.06 17.77   4.14  0.23 2.40e-11 1.35e-12 
uvw2 55801.5599 15.85 0.08 17.48   4.08  0.30 2.38e-11 1.77e-12 
uvw2 55801.6875 15.84 0.07 17.57   4.12  0.28 2.42e-11 1.64e-12 
uvw2 55801.8229 15.68 0.07 17.52   4.78  0.29 2.82e-11 1.73e-12 
uvw2 55801.9535 15.59 0.07 17.41   5.19  0.32 3.09e-11 1.93e-12 
uvw2 55802.0284 15.53 0.06 17.43   5.47  0.32 3.23e-11 1.87e-12 
uvw2 55802.1573 15.38 0.05 17.46   6.32  0.31 3.79e-11 1.86e-12 
uvw2 55802.2175 15.42 0.05 17.61   6.06  0.27 3.58e-11 1.59e-12 
uvw2 55803.0186 14.91 0.08 16.61   9.75  0.68 6.14e-11 4.28e-12 
uvw2 55804.2967 14.15 0.04 16.50  19.52  0.75 1.31e-10 5.06e-12 
uvw2 55805.3656 13.66 0.04 16.11  30.71  1.08 2.18e-10 7.65e-12 
uvw2 55805.4179 13.63 0.04 16.09  31.66  1.10 2.25e-10 7.80e-12 
uvw2 55806.3603 13.32 0.04 15.80  42.00  1.43 3.09e-10 1.05e-11 
uvw2 55806.7572 13.21 0.04 15.66  46.52  1.62 3.43e-10 1.19e-11 
uvw2 55807.0345 13.16 0.04 15.45  48.70  1.97 3.57e-10 1.44e-11 
uvw2 55807.1008 13.11 0.04 15.54  50.85  1.81 3.73e-10 1.33e-11 
uvw2 55807.1708 13.10 0.04 15.54  51.57  1.81 3.81e-10 1.34e-11 
uvw2 55807.3048 13.06 0.04 15.51  53.65  1.88 3.96e-10 1.38e-11 
uvw2 55807.4355 13.03 0.04 15.47  54.94  1.94 4.06e-10 1.44e-11 
uvw2 55807.6930 13.03 0.06 15.05  54.83  2.85 4.07e-10 2.12e-11 
uvw2 55807.6938 13.09 0.04 15.51  52.24  1.87 3.88e-10 1.39e-11 
uvw2 55807.7012 13.01 0.04 15.51  55.84  1.87 4.13e-10 1.38e-11 
uvw2 55807.8228 12.97 0.04 15.46  58.09  1.95 4.33e-10 1.45e-11 
uvw2 55808.0416 12.93 0.04 15.39  60.40  2.09 4.52e-10 1.56e-11 
uvw2 55808.1023 12.91 0.04 15.35  61.42  2.17 4.59e-10 1.62e-11 
uvw2 55808.2336 12.91 0.04 15.33  61.26  2.19 4.57e-10 1.64e-11 
uvw2 55808.7598 12.88 0.04 15.33  62.87  2.21 4.73e-10 1.66e-11 
uvw2 55808.7678 12.85 0.04 15.36  64.92  2.15 4.84e-10 1.60e-11 
uvw2 55808.9014 12.82 0.04 15.28  66.62  2.30 4.98e-10 1.72e-11 
uvw2 55809.3615 12.86 0.04 15.36  64.55  2.14 4.80e-10 1.59e-11 
uvw2 55809.6401 12.77 0.04 15.26  70.07  2.35 5.25e-10 1.77e-11 
uvw2 55809.7605 12.66 0.05 14.81  77.41  3.55 5.83e-10 2.67e-11 
uvw2 55809.7613 12.73 0.04 15.18  72.08  2.52 5.43e-10 1.90e-11 
uvw2 55810.1104 12.72 0.04 15.23  72.77  2.41 5.45e-10 1.81e-11 
uvw2 55810.2983 12.69 0.04 15.20  75.06  2.48 5.66e-10 1.87e-11 
uvw2 55811.0317 12.69 0.05 14.93  74.99  3.20 5.71e-10 2.43e-11 
uvw2 55811.0327 12.65 0.04 15.12  78.24  2.67 5.96e-10 2.03e-11 
uvw2 55811.1840 12.60 0.04 15.08  81.35  2.77 6.13e-10 2.09e-11 
uvw2 55811.2510 12.60 0.04 15.05  81.53  2.84 6.17e-10 2.15e-11 
uvw2 55811.3174 12.61 0.04 15.08  81.22  2.78 6.14e-10 2.10e-11 
uvw2 55811.4514 12.62 0.04 15.09  80.11  2.74 6.06e-10 2.07e-11 
uvw2 55811.6342 12.59 0.05 14.83  82.30  3.48 6.22e-10 2.63e-11 
uvw2 55811.6352 12.64 0.04 15.11  78.32  2.69 5.92e-10 2.03e-11 
uvw2 55812.3723 12.59 0.04 15.07  82.45  2.79 6.30e-10 2.13e-11 
uvw2 55812.5726 12.65 0.04 15.11  78.29  2.70 5.92e-10 2.04e-11 
uvw2 55813.1161 12.59 0.04 15.06  82.33  2.82 6.25e-10 2.14e-11 
uvw2 55814.2524 12.62 0.04 14.89  80.22  3.29 6.17e-10 2.53e-11 
uvw2 55814.2536 12.61 0.04 15.09  80.97  2.75 6.23e-10 2.12e-11 
uvw2 55814.3277 12.60 0.04 15.08  81.49  2.77 6.28e-10 2.13e-11 
uvw2 55814.3938 12.61 0.04 15.09  80.89  2.76 6.23e-10 2.12e-11 
uvw2 55814.4618 12.62 0.04 15.10  79.99  2.72 6.16e-10 2.09e-11 
uvw2 55814.7905 12.62 0.04 15.08  80.02  2.77 6.15e-10 2.13e-11 
uvw2 55814.8605 12.63 0.04 15.10  79.43  2.72 6.13e-10 2.10e-11 
uvw2 55814.9134 12.66 0.04 15.00  77.09  2.97 5.93e-10 2.29e-11 
uvw2 55814.9151 12.63 0.04 15.12  79.44  2.67 6.11e-10 2.06e-11 
uvw2 55814.9994 12.63 0.04 15.10  79.27  2.72 6.09e-10 2.09e-11 
uvw2 55815.2528 12.65 0.04 15.15  77.85  2.60 5.95e-10 1.99e-11 
uvw2 55815.3919 12.69 0.04 15.16  75.14  2.57 5.81e-10 1.99e-11 
uvw2 55816.3175 12.71 0.04 15.02  74.10  2.92 5.70e-10 2.25e-11 
uvw2 55816.3184 12.73 0.04 15.17  72.18  2.55 5.55e-10 1.96e-11 
uvw2 55816.3250 12.72 0.04 15.21  72.76  2.47 5.60e-10 1.90e-11 
uvw2 55816.3885 12.75 0.04 15.23  70.94  2.42 5.48e-10 1.87e-11 
uvw2 55817.1879 12.81 0.04 15.22  67.39  2.43 5.18e-10 1.87e-11 
uvw2 55817.2042 12.79 0.04 15.25  68.32  2.36 5.25e-10 1.82e-11 
uvw2 55817.2552 12.78 0.04 15.20  69.29  2.49 5.32e-10 1.91e-11 
uvw2 55817.2703 12.78 0.04 15.23  69.33  2.41 5.32e-10 1.85e-11 
uvw2 55817.3219 12.75 0.04 15.17  71.29  2.56 5.47e-10 1.96e-11 
uvw2 55817.3349 12.80 0.04 15.25  67.58  2.38 5.19e-10 1.83e-11 
uvw2 55817.3886 12.76 0.04 15.18  70.37  2.54 5.40e-10 1.95e-11 
uvw2 55817.3970 12.80 0.04 15.20  67.78  2.48 5.20e-10 1.91e-11 
uvw2 55817.4685 12.86 0.04 15.23  64.44  2.42 4.94e-10 1.86e-11 
uvw2 55817.4748 12.80 0.04 15.14  68.14  2.63 5.23e-10 2.02e-11 
uvw2 55817.8633 12.86 0.04 15.36  64.52  2.15 4.94e-10 1.65e-11 
uvw2 55817.9397 12.85 0.04 15.29  65.16  2.27 4.99e-10 1.74e-11 
uvw2 55817.9998 12.85 0.04 15.23  64.89  2.41 4.96e-10 1.84e-11 
uvw2 55818.4028 12.92 0.04 15.42  60.75  2.02 4.61e-10 1.53e-11 
uvw2 55819.0638 13.03 0.04 15.49  55.04  1.89 4.20e-10 1.44e-11 
uvw2 55820.0830 13.11 0.04 15.50  50.86  1.89 3.77e-10 1.40e-11 
uvw2 55820.1497 13.15 0.04 15.51  49.34  1.86 3.65e-10 1.38e-11 
uvw2 55820.2170 13.10 0.04 15.48  51.61  1.91 3.80e-10 1.41e-11 
uvw2 55820.2837 13.10 0.04 15.47  51.56  1.93 3.79e-10 1.42e-11 
uvw2 55820.3510 13.08 0.04 15.46  52.45  1.95 3.85e-10 1.43e-11 
uvw2 55820.8724 13.23 0.06 15.27  45.52  2.33 3.31e-10 1.70e-11 
uvw2 55820.8735 13.20 0.04 15.62  47.18  1.69 3.43e-10 1.23e-11 
uvw2 55820.9377 13.26 0.05 15.41  44.61  2.05 3.27e-10 1.50e-11 
uvw2 55820.9393 13.22 0.04 15.66  46.25  1.62 3.39e-10 1.19e-11 
uvw2 55822.2116 13.31 0.06 15.26  42.33  2.35 3.04e-10 1.69e-11 
uvw2 55822.2125 13.40 0.04 15.79  39.13  1.45 2.81e-10 1.04e-11 
uvw2 55822.8811 13.54 0.07 15.35  34.48  2.16 2.45e-10 1.54e-11 
uvw2 55822.8820 13.47 0.04 15.83  36.78  1.39 2.62e-10 9.86e-12 
uvw2 55823.0150 13.42 0.06 15.36  38.32  2.15 2.72e-10 1.53e-11 
uvw2 55823.0160 13.50 0.04 15.89  35.55  1.32 2.53e-10 9.37e-12 
uvw2 55823.0825 13.50 0.07 15.32  35.64  2.21 2.48e-10 1.54e-11 
uvw2 55823.0834 13.45 0.04 15.81  37.48  1.42 2.60e-10 9.85e-12 
uvw2 55824.4213 13.67 0.07 15.39  30.43  2.08 2.10e-10 1.43e-11 
uvw2 55824.4222 13.68 0.04 16.01  30.16  1.18 2.08e-10 8.12e-12 
uvw2 55825.2920 13.77 0.06 15.77  27.90  1.46 1.93e-10 1.01e-11 
uvw2 55825.2937 13.78 0.04 16.19  27.46  1.00 1.90e-10 6.90e-12 
uvw2 55826.9044 14.06 0.08 15.75  21.30  1.50 1.45e-10 1.02e-11 
uvw2 55826.9054 14.02 0.04 16.33  22.17  0.88 1.51e-10 5.96e-12 
uvw2 55826.9686 13.95 0.08 15.58  23.61  1.74 1.59e-10 1.17e-11 
uvw2 55826.9695 14.00 0.04 16.29  22.44  0.91 1.51e-10 6.13e-12 
uvw2 55827.0382 14.06 0.09 15.61  21.23  1.71 1.50e-10 1.20e-11 
uvw2 55827.0390 14.00 0.04 16.27  22.48  0.92 1.58e-10 6.51e-12 
uvw2 55827.0519 13.98 0.06 15.99  22.86  1.20 1.56e-10 8.17e-12 
uvw2 55827.1127 14.00 0.04 16.25  22.57  0.94 1.53e-10 6.37e-12 
uvw2 55827.2475 14.02 0.05 16.24  22.01  0.95 1.49e-10 6.47e-12 
uvw2 55827.3107 14.03 0.05 16.27  21.95  0.93 1.49e-10 6.29e-12 
uvw2 55827.4447 13.99 0.05 16.23  22.67  0.96 1.54e-10 6.55e-12 
uvw2 55827.5189 14.04 0.04 16.32  21.73  0.89 1.48e-10 6.03e-12 
uvw2 55827.6545 14.11 0.05 16.30  20.27  0.90 1.38e-10 6.13e-12 
uvw2 55829.4403 14.16 0.07 15.87  19.33  1.34 1.30e-10 9.01e-12 
uvw2 55829.4415 14.32 0.04 16.60  16.73  0.68 1.12e-10 4.57e-12 
uvw2 55829.5104 14.41 0.10 15.82  15.41  1.40 1.04e-10 9.44e-12 
uvw2 55829.5113 14.32 0.05 16.53  16.76  0.73 1.13e-10 4.90e-12 
uvw2 55829.8412 14.28 0.10 15.71  17.46  1.54 1.15e-10 1.02e-11 
uvw2 55829.8420 14.36 0.05 16.55  16.20  0.72 1.07e-10 4.74e-12 
uvw2 55829.8594 14.29 0.05 16.36  17.27  0.85 1.16e-10 5.72e-12 
uvw2 55829.9751 14.35 0.05 16.57  16.26  0.70 1.09e-10 4.71e-12 
uvw2 55829.9924 14.34 0.05 16.58  16.45  0.70 1.10e-10 4.69e-12 
uvw2 55830.0557 14.35 0.05 16.53  16.28  0.73 1.09e-10 4.89e-12 
uvw2 55830.3899 14.49 0.05 16.58  14.36  0.69 9.72e-11 4.70e-12 
uvw2 55830.5280 14.39 0.05 16.54  15.70  0.72 1.05e-10 4.80e-12 
uvw2 55831.7902 14.67 0.10 16.10  12.10  1.08 8.25e-11 7.37e-12 
uvw2 55831.7913 14.59 0.05 16.81  13.11  0.56 8.94e-11 3.85e-12 
uvw2 55831.9131 14.50 0.10 15.96  14.17  1.24 9.06e-11 7.92e-12 
uvw2 55831.9141 14.56 0.05 16.76  13.47  0.59 8.61e-11 3.78e-12 
uvw2 55832.9829 14.73 0.11 16.03  11.44  1.16 7.70e-11 7.79e-12 
uvw2 55832.9838 14.76 0.05 16.89  11.16  0.52 7.51e-11 3.52e-12 
uvw2 55833.1173 14.88 0.10 16.28  10.00  0.92 6.68e-11 6.13e-12 
uvw2 55833.1347 14.75 0.05 16.89  11.24  0.52 7.52e-11 3.48e-12 
uvw2 55833.1839 14.70 0.09 16.20  11.86  0.99 7.94e-11 6.64e-12 
uvw2 55833.2014 14.72 0.05 16.87  11.59  0.53 7.78e-11 3.59e-12 
uvw2 55833.2505 14.81 0.07 16.54  10.64  0.72 7.15e-11 4.87e-12 
uvw2 55833.2634 14.82 0.06 16.85  10.53  0.54 7.08e-11 3.65e-12 
uvw2 55833.3212 14.75 0.06 16.69  11.26  0.63 7.59e-11 4.23e-12 
uvw2 55833.3356 14.74 0.05 16.82  11.38  0.56 7.67e-11 3.76e-12 
uvw2 55833.3842 14.73 0.06 16.79  11.43  0.57 7.72e-11 3.88e-12 
uvw2 55833.4021 14.78 0.05 16.91  10.97  0.52 7.42e-11 3.49e-12 
uvw2 55833.4526 14.86 0.09 16.41  10.21  0.81 6.92e-11 5.52e-12 
uvw2 55833.4544 14.76 0.05 17.01  11.14  0.47 7.55e-11 3.17e-12 
uvw2 55833.5230 14.67 0.11 15.98  12.15  1.21 8.24e-11 8.21e-12 
uvw2 55833.5240 14.79 0.05 16.90  10.89  0.52 7.39e-11 3.53e-12 
uvw2 55835.3895 15.00 0.10 16.44   8.94  0.79 5.87e-11 5.20e-12 
uvw2 55835.3911 14.91 0.05 17.10   9.77  0.43 6.42e-11 2.83e-12 
uvw2 55835.4591 14.97 0.11 16.24   9.23  0.95 5.95e-11 6.13e-12 
uvw2 55835.4602 15.00 0.05 17.10   8.95  0.43 5.76e-11 2.78e-12 
uvw2 55836.4638 15.07 0.05 17.18   8.40  0.40 5.81e-11 2.77e-12 
uvw2 55836.5320 15.15 0.12 16.33   7.79  0.88 5.09e-11 5.72e-12 
uvw2 55836.5331 15.05 0.05 17.13   8.57  0.42 5.60e-11 2.73e-12 
uvw2 55836.6802 15.10 0.07 16.96   8.14  0.49 5.25e-11 3.16e-12 
uvw2 55836.7385 15.14 0.07 16.98   7.86  0.48 5.07e-11 3.12e-12 
uvw2 55836.8052 15.08 0.07 16.94   8.35  0.50 5.38e-11 3.21e-12 
uvw2 55836.8718 15.05 0.06 16.92   8.58  0.51 5.53e-11 3.28e-12 
uvw2 55836.9392 15.12 0.07 16.96   8.00  0.49 5.14e-11 3.15e-12 
uvw2 55837.0112 15.09 0.06 17.10   8.25  0.43 5.29e-11 2.77e-12 
uvw2 55837.0612 15.16 0.06 17.11   7.69  0.43 4.93e-11 2.74e-12 
uvw2 55837.0725 15.06 0.06 16.93   8.46  0.50 5.42e-11 3.22e-12 
uvw2 55837.1283 15.19 0.08 16.82   7.50  0.56 4.80e-11 3.58e-12 
uvw2 55837.1392 15.09 0.07 16.95   8.26  0.50 5.28e-11 3.18e-12 
uvw2 55837.2054 15.19 0.10 16.53   7.51  0.73 4.79e-11 4.64e-12 
uvw2 55837.2143 15.07 0.07 16.84   8.37  0.55 5.33e-11 3.48e-12 
uvw2 55837.3958 15.27 0.12 16.45   6.96  0.79 4.42e-11 5.00e-12 
uvw2 55837.3970 15.21 0.06 17.27   7.35  0.37 4.67e-11 2.35e-12 
uvw2 55838.3336 15.17 0.10 16.55   7.66  0.72 5.12e-11 4.79e-12 
uvw2 55838.3352 15.24 0.05 17.36   7.16  0.34 4.79e-11 2.27e-12 
uvw2 55838.9378 15.21 0.12 16.37   7.37  0.84 4.66e-11 5.33e-12 
uvw2 55838.9389 15.27 0.06 17.29   6.99  0.36 4.42e-11 2.30e-12 
uvw2 55839.6081 15.17 0.12 16.37   7.68  0.84 4.88e-11 5.36e-12 
uvw2 55839.6093 15.38 0.06 17.36   6.32  0.34 4.02e-11 2.15e-12 
uvw2 55840.2080 15.30 0.12 16.54   6.79  0.72 4.44e-11 4.72e-12 
uvw2 55840.2095 15.41 0.06 17.44   6.13  0.31 4.00e-11 2.05e-12 
uvw2 55840.3482 15.29 0.16 16.19   6.87  1.00 4.50e-11 6.52e-12 
uvw2 55840.3490 15.44 0.07 17.28   6.00  0.37 3.93e-11 2.40e-12 
uvw2 55841.3412 15.31 0.12 16.47   6.72  0.77 4.46e-11 5.12e-12 
uvw2 55841.3425 15.40 0.06 17.39   6.19  0.33 4.11e-11 2.18e-12 
uvw2 55841.8837 15.56 0.15 16.52   5.36  0.73 3.35e-11 4.58e-12 
uvw2 55841.8848 15.46 0.06 17.40   5.83  0.33 3.64e-11 2.05e-12 
uvw2 55842.0079 15.52 0.18 16.28   5.54  0.92 3.97e-11 6.56e-12 
uvw2 55842.0087 15.47 0.07 17.27   5.82  0.37 4.17e-11 2.64e-12 
uvw2 55842.0268 15.47 0.08 17.07   5.79  0.44 3.88e-11 2.97e-12 
uvw2 55842.0932 15.48 0.07 17.31   5.75  0.35 3.84e-11 2.37e-12 
uvw2 55842.1604 15.48 0.07 17.35   5.76  0.34 3.85e-11 2.29e-12 
uvw2 55842.3489 15.57 0.15 16.53   5.28  0.73 3.77e-11 5.23e-12 
uvw2 55842.3500 15.42 0.06 17.37   6.08  0.34 4.35e-11 2.41e-12 
uvw2 55842.5653 15.49 0.07 17.36   5.72  0.34 3.78e-11 2.25e-12 
uvw2 55842.8878 15.64 0.15 16.56   4.97  0.71 3.33e-11 4.75e-12 
uvw2 55842.8889 15.53 0.06 17.44   5.49  0.32 3.68e-11 2.12e-12 
uvw2 55842.9612 15.55 0.07 17.36   5.40  0.34 3.61e-11 2.28e-12 
uvw2 55843.4823 15.55 0.15 16.52   5.38  0.74 3.63e-11 4.96e-12 
uvw2 55843.4834 15.54 0.06 17.45   5.42  0.31 3.65e-11 2.10e-12 
uvw2 55843.7468 15.59 0.16 16.46   5.22  0.78 3.35e-11 4.99e-12 
uvw2 55843.7478 15.60 0.07 17.44   5.14  0.32 3.30e-11 2.02e-12 
uvw2 55844.0152 15.66 0.16 16.58   4.85  0.70 3.18e-11 4.56e-12 
uvw2 55844.0164 15.56 0.06 17.47   5.35  0.31 3.50e-11 2.01e-12 
uvw2 55844.0819 15.78 0.17 16.59   4.36  0.69 2.99e-11 4.76e-12 
uvw2 55844.0830 15.61 0.07 17.48   5.08  0.30 3.49e-11 2.09e-12 
uvw2 55845.4193 15.93 0.19 16.64   3.79  0.66 2.76e-11 4.79e-12 
uvw2 55845.4204 15.66 0.07 17.51   4.85  0.29 3.54e-11 2.15e-12 
uvw2 55845.4858 16.64 0.30 16.84   1.97  0.55 1.39e-11 3.85e-12 
uvw2 55845.4867 15.72 0.07 17.48   4.59  0.30 3.23e-11 2.13e-12 
uvw2 55845.5527 15.74 0.20 16.41   4.53  0.82 3.24e-11 5.82e-12 
uvw2 55845.5535 15.74 0.08 17.43   4.51  0.32 3.22e-11 2.28e-12 
uvw2 55845.5705 15.54 0.09 17.11   5.46  0.43 3.73e-11 2.91e-12 
uvw2 55845.6198 15.74 0.09 17.29   4.53  0.36 3.08e-11 2.46e-12 
uvw2 55845.6369 15.64 0.07 17.44   4.94  0.32 3.37e-11 2.15e-12 
uvw2 55845.6871 15.64 0.08 17.30   4.96  0.36 3.38e-11 2.45e-12 
uvw2 55845.7042 15.61 0.07 17.43   5.10  0.32 3.47e-11 2.17e-12 
uvw2 55845.7537 15.73 0.08 17.34   4.55  0.35 3.09e-11 2.35e-12 
uvw2 55845.7709 15.70 0.07 17.47   4.72  0.31 3.21e-11 2.09e-12 
uvw2 55845.8878 15.84 0.09 17.40   4.11  0.33 2.79e-11 2.22e-12 
uvw2 55845.9042 15.68 0.07 17.45   4.78  0.31 3.24e-11 2.13e-12 
uvw2 55846.6974 15.68 0.15 16.62   4.77  0.67 3.13e-11 4.42e-12 
uvw2 55846.6986 15.69 0.07 17.56   4.76  0.28 3.12e-11 1.86e-12 
uvw2 55847.4335 15.98 0.19 16.70   3.64  0.62 2.64e-11 4.53e-12 
uvw2 55847.4348 15.86 0.07 17.67   4.05  0.25 2.95e-11 1.85e-12 
uvw2 55848.0413 16.00 0.06 18.00   3.56  0.19 2.52e-11 1.34e-12 
uvw2 55849.5087 15.83 0.05 17.89   4.16  0.21 2.94e-11 1.47e-12 
uvw2 55850.7165 15.86 0.06 17.88   4.05  0.21 2.89e-11 1.50e-12 
uvw2 55851.7289 15.98 0.07 17.74   3.63  0.24 2.59e-11 1.71e-12 
uvw2 55852.3205 15.98 0.06 17.97   3.62  0.19 2.60e-11 1.39e-12 
uvw2 55853.7159 16.02 0.06 17.99   3.50  0.19 2.50e-11 1.36e-12 
uvw2 55854.7929 16.08 0.09 17.59   3.31  0.28 2.44e-11 2.04e-12 
uvw2 55855.5853 16.10 0.07 17.95   3.26  0.20 2.32e-11 1.41e-12 
uvw2 55855.6554 16.14 0.07 17.97   3.14  0.19 2.24e-11 1.38e-12 
uvw2 55856.3880 16.14 0.07 17.96   3.12  0.20 2.22e-11 1.39e-12 
uvw2 55856.4548 16.12 0.07 17.93   3.18  0.20 2.27e-11 1.42e-12 
uvw2 55857.4583 16.12 0.06 17.99   3.20  0.19 2.30e-11 1.36e-12 
uvw2 55857.5214 16.07 0.08 17.67   3.33  0.26 2.35e-11 1.80e-12 
uvw2 55858.5243 16.16 0.09 17.72   3.07  0.24 2.19e-11 1.75e-12 
uvw2 55859.5326 16.20 0.07 17.97   2.95  0.19 2.08e-11 1.37e-12 
uvw2 55860.0053 16.24 0.07 17.97   2.87  0.19 2.02e-11 1.36e-12 
uvw2 55860.0631 16.27 0.09 17.84   2.77  0.22 1.93e-11 1.52e-12 
uvw2 55861.1362 16.53 0.07 18.25   2.19  0.15 1.53e-11 1.04e-12 
uvw2 55862.2726 16.25 0.07 18.11   2.84  0.17 1.99e-11 1.20e-12 
uvw2 55863.0083 16.28 0.07 18.12   2.75  0.17 1.96e-11 1.20e-12 
uvw2 55864.8822 16.29 0.07 18.13   2.74  0.17 1.94e-11 1.18e-12 
uvw2 55865.2155 16.41 0.07 18.19   2.44  0.16 1.70e-11 1.09e-12 
uvw2 55866.8880 16.42 0.07 18.18   2.41  0.16 1.71e-11 1.13e-12 
uvw2 55867.3576 16.47 0.09 17.98   2.31  0.19 1.58e-11 1.31e-12 
uvw2 55867.9593 16.45 0.08 18.13   2.36  0.17 1.64e-11 1.16e-12 
uvw2 55868.0924 16.52 0.07 18.26   2.22  0.15 1.53e-11 1.02e-12 
uvw2 55868.4893 16.50 0.10 17.94   2.25  0.20 1.56e-11 1.38e-12 
uvw2 55869.1622 16.55 0.08 18.25   2.15  0.15 1.49e-11 1.04e-12 
uvw2 55873.1143 16.66 0.08 18.28   1.94  0.14 1.32e-11 9.92e-13 
uvw2 55875.7226 16.52 0.10 17.97   2.21  0.19 1.43e-11 1.25e-12 
uvw2 55877.9381 16.69 0.08 18.30   1.89  0.14 1.30e-11 9.87e-13 
uvw2 55879.2057 16.90 0.09 18.38   1.56  0.13 1.04e-11 8.77e-13 
uvw2 55881.9527 16.99 0.10 18.42   1.43  0.13 9.53e-12 8.54e-13 
uvw2 55885.8991 16.96 0.10 18.42   1.47  0.13 9.85e-12 8.59e-13 
uvw2 55887.3067 17.03 0.10 18.42   1.38  0.13 9.19e-12 8.50e-13 
uvw2 55889.7816 17.19 0.11 18.49   1.19  0.12 8.07e-12 8.13e-13 
uvw2 55891.8400 17.14 0.10 18.49   1.24  0.12 8.29e-12 8.01e-13 
uvw2 55893.9122 17.18 0.11 18.50   1.20  0.12 7.61e-12 7.53e-13 
uvw2 55895.9169 17.22 0.11 18.50   1.16  0.12 7.33e-12 7.52e-13 
uvw2 55897.4626 17.29 0.14 18.34   1.09  0.14 7.38e-12 9.32e-13 
uvw2 55899.6630 17.51 0.14 18.58   0.89  0.11 5.64e-12 7.07e-13 
uvw2 55901.5371 17.56 0.14 18.61   0.85  0.11 5.02e-12 6.41e-13 
uvw2 55903.7360 17.50 0.13 18.59   0.90  0.11 5.04e-12 6.13e-13 
uvw2 55905.0725 17.73 0.15 18.66   0.73  0.10 4.55e-12 6.46e-13 
uvw2 55909.9525 17.67 0.15 18.64   0.77  0.10 4.84e-12 6.62e-13 
uvw2 55913.8960 17.89 0.18 18.67   0.62  0.10 3.97e-12 6.49e-13 
uvm2 55797.9407            18.70   0.03  0.05 2.07e-13 3.91e-13 
uvm2 55798.0082            18.72   0.01  0.05 5.90e-14 3.69e-13 
uvm2 55799.0079            18.42   0.17  0.06 1.34e-12 4.92e-13 
uvm2 55799.1391 18.69 0.36 18.70   0.18  0.06 1.44e-12 4.78e-13 
uvm2 55799.2167            18.73   0.16  0.06 1.28e-12 4.60e-13 
uvm2 55799.4050 18.21 0.31 18.38   0.29  0.08 2.27e-12 6.52e-13 
uvm2 55799.5472 18.60 0.33 18.71   0.20  0.06 1.55e-12 4.68e-13 
uvm2 55800.0754 18.02 0.21 18.58   0.34  0.07 2.67e-12 5.31e-13 
uvm2 55800.2102 17.98 0.23 18.46   0.35  0.07 2.76e-12 5.87e-13 
uvm2 55800.3460 17.98 0.22 18.51   0.35  0.07 2.75e-12 5.59e-13 
uvm2 55800.6230 17.79 0.18 18.52   0.42  0.07 3.23e-12 5.47e-13 
uvm2 55800.7431 17.61 0.17 18.44   0.50  0.08 3.84e-12 5.95e-13 
uvm2 55800.8124 17.59 0.18 18.33   0.50  0.09 3.89e-12 6.65e-13 
uvm2 55800.9385 17.57 0.19 18.24   0.52  0.09 3.95e-12 7.03e-13 
uvm2 55801.0114 17.43 0.20 18.09   0.59  0.11 4.53e-12 8.16e-13 
uvm2 55801.1446 17.47 0.16 18.34   0.56  0.09 4.32e-12 6.50e-13 
uvm2 55801.2261 17.25 0.14 18.28   0.69  0.09 5.36e-12 6.97e-13 
uvm2 55801.2687 17.54 0.23 18.05   0.53  0.11 4.05e-12 8.39e-13 
uvm2 55801.4020 17.17 0.18 17.92   0.74  0.12 5.72e-12 9.57e-13 
uvm2 55801.4935 17.34 0.15 18.32   0.64  0.09 4.86e-12 6.57e-13 
uvm2 55801.5455 17.31 0.17 18.11   0.66  0.10 5.02e-12 7.96e-13 
uvm2 55801.6694 17.07 0.17 17.88   0.82  0.13 6.29e-12 1.00e-12 
uvm2 55801.8036 16.94 0.17 17.75   0.92  0.15 7.09e-12 1.13e-12 
uvm2 55801.9369 16.72 0.15 17.68   1.12  0.15 8.74e-12 1.21e-12 
uvm2 55802.0091 17.04 0.17 17.83   0.84  0.14 6.45e-12 1.03e-12 
uvm2 55802.1611 16.63 0.10 18.05   1.23  0.11 9.57e-12 8.56e-13 
uvm2 55802.2251 16.77 0.09 18.25   1.08  0.09 8.33e-12 7.12e-13 
uvm2 55804.2998 15.17 0.05 17.25   4.70  0.23 3.84e-11 1.88e-12 
uvm2 55805.3697 14.59 0.04 16.91   8.05  0.32 6.67e-11 2.62e-12 
uvm2 55805.4235 14.53 0.04 16.89   8.46  0.32 7.02e-11 2.67e-12 
uvm2 55806.3656 14.09 0.04 16.51  12.71  0.46 1.06e-10 3.82e-12 
uvm2 55806.7601 13.96 0.04 16.34  14.28  0.53 1.19e-10 4.44e-12 
uvm2 55807.0864 13.93 0.05 16.10  14.67  0.67 1.22e-10 5.55e-12 
uvm2 55807.1526 13.82 0.05 16.00  16.25  0.73 1.36e-10 6.12e-12 
uvm2 55807.2865 13.84 0.05 16.04  16.06  0.71 1.34e-10 5.90e-12 
uvm2 55807.4205 13.78 0.05 15.99  16.95  0.73 1.42e-10 6.15e-12 
uvm2 55807.6949 13.70 0.09 15.19  18.16  1.54 1.52e-10 1.29e-11 
uvm2 55807.6957 13.76 0.05 15.99  17.26  0.73 1.44e-10 6.13e-12 
uvm2 55807.8277 13.64 0.04 16.10  19.20  0.67 1.61e-10 5.59e-12 
uvm2 55808.0237 13.56 0.05 15.79  20.60  0.88 1.73e-10 7.38e-12 
uvm2 55808.0897 13.56 0.05 15.79  20.70  0.89 1.73e-10 7.43e-12 
uvm2 55808.2228 13.57 0.05 15.82  20.50  0.86 1.72e-10 7.24e-12 
uvm2 55808.7609 13.38 0.08 15.02  24.38  1.80 2.05e-10 1.51e-11 
uvm2 55808.7617 13.43 0.04 15.73  23.30  0.93 1.95e-10 7.80e-12 
uvm2 55808.7718 13.48 0.04 15.92  22.28  0.78 1.87e-10 6.55e-12 
uvm2 55808.9030 13.41 0.04 15.82  23.65  0.86 1.98e-10 7.24e-12 
uvm2 55809.3682 13.43 0.04 15.91  23.31  0.79 1.95e-10 6.60e-12 
uvm2 55809.6429 13.33 0.04 15.78  25.69  0.89 2.15e-10 7.45e-12 
uvm2 55809.7624 13.27 0.08 14.95  27.09  1.92 2.27e-10 1.61e-11 
uvm2 55809.7632 13.26 0.04 15.59  27.31  1.06 2.29e-10 8.94e-12 
uvm2 55810.1145 13.26 0.04 15.74  27.21  0.93 2.28e-10 7.76e-12 
uvm2 55810.3032 13.24 0.04 15.73  27.69  0.94 2.32e-10 7.86e-12 
uvm2 55811.0366 13.08 0.06 14.98  32.22  1.86 2.71e-10 1.57e-11 
uvm2 55811.0377 13.18 0.04 15.57  29.40  1.08 2.47e-10 9.11e-12 
uvm2 55811.6389 13.14 0.07 14.99  30.38  1.85 2.55e-10 1.56e-11 
uvm2 55811.6399 13.17 0.04 15.55  29.71  1.11 2.50e-10 9.29e-12 
uvm2 55812.3767 13.03 0.06 15.00  33.68  1.83 2.84e-10 1.54e-11 
uvm2 55812.3779 13.09 0.04 15.51  31.92  1.15 2.69e-10 9.68e-12 
uvm2 55812.5768 13.10 0.04 15.47  31.70  1.19 2.67e-10 9.99e-12 
uvm2 55813.1202 13.08 0.06 15.01  32.26  1.82 2.72e-10 1.54e-11 
uvm2 55813.1214 13.07 0.04 15.48  32.46  1.18 2.73e-10 9.89e-12 
uvm2 55814.2580 13.03 0.06 15.00  33.62  1.83 2.85e-10 1.55e-11 
uvm2 55814.2592 13.03 0.04 15.45  33.82  1.21 2.87e-10 1.03e-11 
uvm2 55814.3768 13.03 0.04 15.31  33.88  1.38 2.87e-10 1.17e-11 
uvm2 55814.7782 13.07 0.04 15.34  32.48  1.34 2.75e-10 1.13e-11 
uvm2 55814.8448 13.03 0.04 15.31  33.79  1.37 2.87e-10 1.16e-11 
uvm2 55814.9212 13.07 0.05 15.16  32.59  1.57 2.76e-10 1.33e-11 
uvm2 55814.9229 13.05 0.04 15.50  33.16  1.16 2.81e-10 9.83e-12 
uvm2 55815.2586 13.13 0.05 15.20  30.61  1.52 2.60e-10 1.29e-11 
uvm2 55815.2604 13.06 0.04 15.52  32.67  1.14 2.78e-10 9.71e-12 
uvm2 55815.3963 13.05 0.06 15.03  33.24  1.78 2.83e-10 1.52e-11 
uvm2 55815.3976 13.10 0.04 15.52  31.49  1.14 2.68e-10 9.69e-12 
uvm2 55816.3307 13.12 0.05 15.18  30.94  1.55 2.64e-10 1.33e-11 
uvm2 55816.3323 13.09 0.04 15.53  31.87  1.12 2.72e-10 9.58e-12 
uvm2 55817.7987 13.20 0.04 15.66  28.86  0.99 2.46e-10 8.49e-12 
uvm2 55817.8692 13.20 0.04 15.68  28.91  0.98 2.47e-10 8.37e-12 
uvm2 55818.4102 13.26 0.04 15.75  27.28  0.92 2.33e-10 7.86e-12 
uvm2 55819.0688 13.26 0.06 15.22  27.38  1.50 2.34e-10 1.28e-11 
uvm2 55819.0703 13.35 0.04 15.75  25.24  0.92 2.15e-10 7.82e-12 
uvm2 55820.8774 13.61 0.08 15.28  19.81  1.42 1.68e-10 1.21e-11 
uvm2 55820.8785 13.57 0.04 15.89  20.56  0.80 1.75e-10 6.83e-12 
uvm2 55820.9464 13.59 0.04 15.97  20.22  0.75 1.72e-10 6.40e-12 
uvm2 55822.2161 13.69 0.09 15.25  18.30  1.45 1.56e-10 1.23e-11 
uvm2 55822.2170 13.79 0.04 16.05  16.77  0.70 1.42e-10 5.92e-12 
uvm2 55823.0198 13.88 0.09 15.39  15.36  1.27 1.30e-10 1.08e-11 
uvm2 55823.0208 13.88 0.04 16.14  15.37  0.64 1.30e-10 5.43e-12 
uvm2 55823.0867 14.02 0.10 15.37  13.59  1.30 1.15e-10 1.10e-11 
uvm2 55823.0876 13.89 0.05 16.10  15.33  0.67 1.30e-10 5.64e-12 
uvm2 55824.4253 14.09 0.11 15.37  12.76  1.30 1.07e-10 1.10e-11 
uvm2 55824.4262 14.03 0.05 16.19  13.48  0.61 1.14e-10 5.15e-12 
uvm2 55826.9093 14.41 0.11 15.69   9.47  0.97 7.91e-11 8.09e-12 
uvm2 55826.9103 14.36 0.05 16.51   9.89  0.46 8.27e-11 3.82e-12 
uvm2 55826.9728 14.45 0.13 15.59   9.13  1.06 7.60e-11 8.86e-12 
uvm2 55826.9737 14.41 0.05 16.49   9.47  0.46 7.89e-11 3.87e-12 
uvm2 55827.0402 14.16 0.11 15.41  11.92  1.25 1.00e-10 1.05e-11 
uvm2 55827.0410 14.41 0.06 16.47   9.44  0.47 7.87e-11 3.95e-12 
uvm2 55828.1731 14.48 0.11 15.74   8.86  0.93 7.39e-11 7.74e-12 
uvm2 55828.1742 14.51 0.05 16.61   8.64  0.41 7.20e-11 3.46e-12 
uvm2 55829.4458 14.79 0.12 15.95   6.64  0.76 5.50e-11 6.31e-12 
uvm2 55829.4470 14.60 0.05 16.71   7.95  0.38 6.63e-11 3.15e-12 
uvm2 55829.5146 14.71 0.14 15.73   7.20  0.94 5.97e-11 7.78e-12 
uvm2 55829.5154 14.77 0.06 16.72   6.78  0.38 5.61e-11 3.10e-12 
uvm2 55829.8431 14.90 0.16 15.76   6.04  0.91 4.98e-11 7.50e-12 
uvm2 55829.8439 14.77 0.06 16.70   6.79  0.38 5.63e-11 3.19e-12 
uvm2 55830.0419 14.81 0.07 16.64   6.54  0.40 5.43e-11 3.35e-12 
uvm2 55830.3778 14.78 0.06 16.75   6.72  0.37 5.58e-11 3.04e-12 
uvm2 55830.5146 14.91 0.06 16.86   5.99  0.33 4.95e-11 2.72e-12 
uvm2 55831.7954 14.91 0.14 15.98   5.96  0.74 4.96e-11 6.16e-12 
uvm2 55831.7966 15.05 0.06 17.00   5.27  0.29 4.36e-11 2.41e-12 
uvm2 55831.9178 15.36 0.18 16.10   3.94  0.66 3.22e-11 5.42e-12 
uvm2 55831.9189 15.02 0.06 16.94   5.39  0.31 4.47e-11 2.54e-12 
uvm2 55832.9874 15.06 0.16 15.93   5.22  0.78 4.33e-11 6.47e-12 
uvm2 55832.9883 15.14 0.07 16.99   4.81  0.29 3.98e-11 2.42e-12 
uvm2 55833.4602 15.10 0.12 16.30   5.01  0.55 4.16e-11 4.60e-12 
uvm2 55833.4619 15.12 0.06 17.17   4.92  0.25 4.08e-11 2.07e-12 
uvm2 55833.5276 15.09 0.17 15.94   5.04  0.77 4.19e-11 6.40e-12 
uvm2 55833.5285 15.18 0.07 17.01   4.66  0.29 3.86e-11 2.39e-12 
uvm2 55835.3965 15.47 0.15 16.43   3.57  0.49 2.94e-11 4.07e-12 
uvm2 55835.3981 15.27 0.06 17.23   4.28  0.23 3.56e-11 1.95e-12 
uvm2 55835.4644 15.57 0.19 16.27   3.25  0.57 2.67e-11 4.67e-12 
uvm2 55835.4655 15.39 0.07 17.20   3.82  0.24 3.16e-11 2.00e-12 
uvm2 55836.4685 15.19 0.14 16.20   4.62  0.61 3.85e-11 5.08e-12 
uvm2 55836.4698 15.46 0.07 17.28   3.61  0.22 2.98e-11 1.85e-12 
uvm2 55836.5372 15.51 0.18 16.24   3.43  0.58 2.82e-11 4.79e-12 
uvm2 55836.5383 15.60 0.07 17.31   3.17  0.22 2.60e-11 1.79e-12 
uvm2 55837.4015 15.71 0.19 16.40   2.85  0.50 2.34e-11 4.12e-12 
uvm2 55837.4027 15.58 0.07 17.33   3.23  0.21 2.66e-11 1.76e-12 
uvm2 55838.3408 15.48 0.15 16.47   3.53  0.47 2.93e-11 3.94e-12 
uvm2 55838.3424 15.53 0.06 17.40   3.38  0.20 2.80e-11 1.66e-12 
uvm2 55838.9430 15.81 0.22 16.37   2.60  0.52 2.13e-11 4.24e-12 
uvm2 55838.9441 15.69 0.08 17.36   2.91  0.21 2.40e-11 1.72e-12 
uvm2 55839.6137 15.87 0.22 16.43   2.46  0.49 2.02e-11 4.04e-12 
uvm2 55839.6149 15.64 0.07 17.35   3.04  0.21 2.52e-11 1.74e-12 
uvm2 55840.2146 15.76 0.18 16.51   2.74  0.46 2.26e-11 3.78e-12 
uvm2 55840.2160 15.76 0.07 17.49   2.72  0.18 2.25e-11 1.53e-12 
uvm2 55840.3522 15.77 0.26 16.14   2.70  0.64 2.23e-11 5.29e-12 
uvm2 55840.3531 15.81 0.09 17.28   2.60  0.22 2.15e-11 1.85e-12 
uvm2 55841.3469 15.77 0.20 16.41   2.69  0.50 2.24e-11 4.13e-12 
uvm2 55841.3482 15.80 0.08 17.45   2.62  0.19 2.17e-11 1.59e-12 
uvm2 55841.8889 16.08 0.25 16.48   2.04  0.47 1.67e-11 3.82e-12 
uvm2 55841.8900 15.77 0.08 17.38   2.70  0.20 2.24e-11 1.69e-12 
uvm2 55842.0099 15.42 0.21 16.00   3.74  0.73 3.15e-11 6.17e-12 
uvm2 55842.0107 15.77 0.09 17.23   2.72  0.23 2.26e-11 1.95e-12 
uvm2 55842.0773 15.79 0.10 17.19   2.66  0.24 2.22e-11 2.03e-12 
uvm2 55842.1428 15.85 0.08 17.47   2.52  0.19 2.09e-11 1.56e-12 
uvm2 55842.3541 15.49 0.18 16.23   3.48  0.59 2.93e-11 4.94e-12 
uvm2 55842.3553 15.88 0.09 17.44   2.45  0.19 2.03e-11 1.60e-12 
uvm2 55842.5477 15.89 0.08 17.48   2.42  0.19 2.01e-11 1.54e-12 
uvm2 55842.8930 15.82 0.22 16.38   2.58  0.52 2.15e-11 4.29e-12 
uvm2 55842.8941 15.76 0.08 17.38   2.74  0.20 2.29e-11 1.70e-12 
uvm2 55842.9455 15.88 0.12 17.05   2.44  0.28 2.03e-11 2.31e-12 
uvm2 55843.4875 15.87 0.23 16.39   2.46  0.51 2.05e-11 4.24e-12 
uvm2 55843.4886 15.93 0.09 17.46   2.33  0.19 1.94e-11 1.58e-12 
uvm2 55843.7516 16.18 0.28 16.46   1.86  0.48 1.53e-11 3.94e-12 
uvm2 55843.7526 15.82 0.09 17.38   2.57  0.20 2.15e-11 1.71e-12 
uvm2 55844.0205 16.15 0.26 16.52   1.91  0.45 1.59e-11 3.74e-12 
uvm2 55844.0216 15.94 0.09 17.49   2.31  0.18 1.93e-11 1.54e-12 
uvm2 55844.0869 15.86 0.23 16.37   2.50  0.52 2.09e-11 4.32e-12 
uvm2 55844.0880 16.01 0.09 17.49   2.17  0.18 1.80e-11 1.53e-12 
uvm2 55845.4243 15.69 0.21 16.29   2.91  0.56 2.46e-11 4.72e-12 
uvm2 55845.4254 15.96 0.10 17.38   2.28  0.21 1.91e-11 1.73e-12 
uvm2 55845.4903 15.90 0.25 16.29   2.40  0.56 2.02e-11 4.70e-12 
uvm2 55845.4912 15.88 0.09 17.36   2.45  0.21 2.07e-11 1.75e-12 
uvm2 55845.5546 15.84 0.27 16.17   2.54  0.62 2.14e-11 5.26e-12 
uvm2 55845.5554 16.10 0.11 17.38   2.00  0.20 1.67e-11 1.71e-12 
uvm2 55846.7029 16.42 0.28 16.70   1.48  0.38 1.23e-11 3.18e-12 
uvm2 55846.7041 16.03 0.09 17.55   2.13  0.18 1.79e-11 1.48e-12 
uvm2 55847.4392 15.85 0.21 16.45   2.52  0.48 2.13e-11 4.07e-12 
uvm2 55847.4404 16.11 0.09 17.59   1.97  0.17 1.65e-11 1.41e-12 
uvm2 55848.0489 16.02 0.06 17.92   2.15  0.12 1.81e-11 1.04e-12 
uvm2 55849.5163 16.13 0.07 17.98   1.94  0.12 1.63e-11 9.92e-13 
uvm2 55850.7234 16.15 0.07 17.97   1.91  0.12 1.61e-11 9.95e-13 
uvm2 55852.3279 16.19 0.07 18.01   1.83  0.12 1.55e-11 9.72e-13 
uvm2 55853.7232 16.35 0.07 18.08   1.58  0.11 1.34e-11 9.12e-13 
uvm2 55854.8600 16.10 0.14 17.15   2.00  0.25 1.70e-11 2.15e-12 
uvm2 55855.5903 16.40 0.08 18.02   1.51  0.11 1.28e-11 9.55e-13 
uvm2 55855.6605 16.37 0.08 18.02   1.56  0.11 1.32e-11 9.64e-13 
uvm2 55856.3927 16.42 0.08 18.02   1.49  0.11 1.26e-11 9.63e-13 
uvm2 55856.4593 16.44 0.09 18.02   1.45  0.11 1.23e-11 9.55e-13 
uvm2 55857.4638 16.36 0.08 18.03   1.56  0.11 1.32e-11 9.57e-13 
uvm2 55857.5234 16.55 0.12 17.77   1.31  0.14 1.11e-11 1.21e-12 
uvm2 55858.5262 16.45 0.11 17.72   1.44  0.15 1.22e-11 1.27e-12 
uvm2 55859.5371 16.55 0.09 18.07   1.32  0.11 1.12e-11 9.20e-13 
uvm2 55860.0095 16.55 0.09 18.05   1.31  0.11 1.11e-11 9.29e-13 
uvm2 55860.0659 16.62 0.11 17.96   1.24  0.12 1.04e-11 1.01e-12 
uvm2 55861.1430 16.75 0.09 18.21   1.10  0.10 9.28e-12 8.09e-13 
uvm2 55862.2796 16.67 0.09 18.20   1.18  0.10 9.99e-12 8.10e-13 
uvm2 55863.0151 16.60 0.09 18.16   1.26  0.10 1.07e-11 8.37e-13 
uvm2 55864.8893 16.68 0.09 18.20   1.17  0.10 9.92e-12 8.11e-13 
uvm2 55865.2223 16.80 0.10 18.22   1.05  0.09 8.84e-12 7.92e-13 
uvm2 55866.8946 16.68 0.09 18.17   1.16  0.10 9.83e-12 8.36e-13 
uvm2 55867.3608 16.91 0.12 18.06   0.95  0.11 7.96e-12 9.15e-13 
uvm2 55867.9646 16.80 0.10 18.18   1.04  0.10 8.78e-12 8.25e-13 
uvm2 55868.1001 16.89 0.10 18.27   0.96  0.09 8.11e-12 7.56e-13 
uvm2 55868.4922 16.83 0.12 18.03   1.02  0.11 8.58e-12 9.41e-13 
uvm2 55869.1691 16.93 0.10 18.28   0.93  0.09 7.82e-12 7.48e-13 
uvm2 55873.1206 17.05 0.12 18.26   0.83  0.09 6.98e-12 7.64e-13 
uvm2 55875.7255 17.32 0.16 18.23   0.65  0.09 5.41e-12 7.74e-13 
uvm2 55877.9446 17.13 0.12 18.29   0.77  0.09 6.49e-12 7.49e-13 
uvm2 55879.2121 17.32 0.14 18.34   0.65  0.08 5.39e-12 7.00e-13 
uvm2 55881.9593 17.36 0.15 18.34   0.63  0.08 5.23e-12 7.00e-13 
uvm2 55885.9061 17.37 0.14 18.37   0.62  0.08 5.15e-12 6.84e-13 
uvm2 55887.3118 17.47 0.16 18.35   0.56  0.08 4.68e-12 6.98e-13 
uvm2 55889.7862 17.38 0.17 18.23   0.61  0.09 5.14e-12 7.86e-13 
uvm2 55891.8463 17.57 0.16 18.44   0.51  0.08 4.28e-12 6.41e-13 
uvm2 55893.9185 17.94 0.20 18.56   0.37  0.07 3.02e-12 5.67e-13 
uvm2 55895.9232 17.98 0.21 18.57   0.35  0.07 2.90e-12 5.58e-13 
uvm2 55897.4662 17.56 0.17 18.36   0.52  0.08 4.36e-12 6.94e-13 
uvm2 55899.6699 17.99 0.21 18.58   0.35  0.07 2.87e-12 5.59e-13 
uvm2 55901.5438 18.53 0.31 18.70   0.21  0.06 1.72e-12 4.90e-13 
uvm2 55905.0796 18.18 0.24 18.63   0.29  0.06 2.41e-12 5.24e-13 
uvm2 55909.9591 18.28 0.26 18.65   0.27  0.06 2.20e-12 5.16e-13 
uvm2 55913.9027 18.28 0.26 18.65   0.27  0.06 2.21e-12 5.17e-13 
uvw1 55797.9237 17.49 0.14 18.49   0.96  0.13 5.61e-12 7.45e-13 
uvw1 55797.9906 17.23 0.13 18.36   1.22  0.14 7.02e-12 8.24e-13 
uvw1 55799.0019 16.10 0.08 17.69   3.43  0.27 2.03e-11 1.57e-12 
uvw1 55799.1297 15.89 0.07 17.73   4.16  0.26 2.47e-11 1.52e-12 
uvw1 55799.2073 15.95 0.07 17.78   3.96  0.24 2.32e-11 1.44e-12 
uvw1 55799.3974 15.77 0.06 17.66   4.65  0.27 2.77e-11 1.61e-12 
uvw1 55799.5356 15.55 0.06 17.58   5.71  0.29 3.35e-11 1.72e-12 
uvw1 55800.0650 15.31 0.05 17.39   7.11  0.35 4.18e-11 2.05e-12 
uvw1 55800.2044 15.12 0.06 17.12   8.51  0.45 4.99e-11 2.61e-12 
uvw1 55800.3383 15.02 0.05 17.14   9.28  0.44 5.43e-11 2.56e-12 
uvw1 55800.6089 14.80 0.04 17.09  11.34  0.46 6.63e-11 2.68e-12 
uvw1 55800.7340 14.71 0.05 16.94  12.36  0.53 7.25e-11 3.09e-12 
uvw1 55800.8075 14.63 0.05 16.76  13.28  0.62 7.79e-11 3.67e-12 
uvw1 55800.9344 14.65 0.05 16.72  13.02  0.65 7.62e-11 3.78e-12 
uvw1 55801.0131 14.54 0.04 16.80  14.44  0.60 8.48e-11 3.53e-12 
uvw1 55801.1381 14.47 0.05 16.70  15.45  0.66 9.04e-11 3.85e-12 
uvw1 55801.2182 14.40 0.04 16.69  16.41  0.67 9.59e-11 3.89e-12 
uvw1 55801.2701 14.35 0.04 16.62  17.26  0.71 1.00e-10 4.12e-12 
uvw1 55801.4034 14.32 0.04 16.61  17.67  0.72 1.03e-10 4.21e-12 
uvw1 55801.4856 14.27 0.04 16.58  18.58  0.73 1.08e-10 4.28e-12 
uvw1 55801.5472 14.16 0.04 16.47  20.57  0.81 1.20e-10 4.75e-12 
uvw1 55801.6708 14.08 0.04 16.41  22.16  0.86 1.30e-10 5.06e-12 
uvw1 55801.8049 14.03 0.04 16.36  23.06  0.90 1.36e-10 5.29e-12 
uvw1 55801.9382 13.94 0.04 16.29  25.08  0.96 1.48e-10 5.71e-12 
uvw1 55802.0104 13.84 0.04 16.21  27.52  1.04 1.62e-10 6.10e-12 
uvw1 55802.1542 13.75 0.04 16.14  29.91  1.11 1.77e-10 6.57e-12 
uvw1 55802.2113 13.79 0.04 16.23  28.91  1.02 1.70e-10 6.00e-12 
uvw1 55803.0148 13.15 0.04 15.64  52.00  1.76 3.12e-10 1.06e-11 
uvw1 55804.2943 12.40 0.04 14.90 103.84  3.46 6.38e-10 2.13e-11 
uvw1 55805.3731 11.90 0.04 14.42 164.64  5.38 1.03e-09 3.38e-11 
uvw1 55805.4279 11.93 0.04 14.45 160.50  5.23 1.01e-09 3.29e-11 
uvw1 55806.3700 11.59 0.04 14.12 219.09  7.08 1.40e-09 4.52e-11 
uvw1 55806.7623 11.49 0.04 14.01 240.20  7.84 1.53e-09 5.01e-11 
uvw1 55807.0872 11.46 0.04 13.99 247.01  8.02 1.57e-09 5.11e-11 
uvw1 55807.1537 11.45 0.04 13.98 249.63  8.07 1.60e-09 5.16e-11 
uvw1 55807.4217 11.41 0.04 13.95 257.51  8.31 1.64e-09 5.31e-11 
uvw1 55807.6979 11.32 0.04 13.85 279.95  9.10 1.79e-09 5.81e-11 
uvw1 55808.7639 11.17 0.04 13.70 322.98 10.46 2.07e-09 6.70e-11 
uvw1 55809.7651 11.06 0.04 13.58 357.30 11.64 2.29e-09 7.46e-11 
uvw1 55811.0401 11.03 0.04 13.57 365.44 11.81 2.33e-09 7.53e-11 
uvw1 55811.6423 11.04 0.04 13.57 363.55 11.77 2.31e-09 7.49e-11 
uvw1 55812.3807 11.00 0.04 13.53 377.86 12.23 2.40e-09 7.78e-11 
uvw1 55812.5789 11.03 0.04 13.56 367.26 11.91 2.33e-09 7.57e-11 
uvw1 55813.1241 11.02 0.04 13.54 368.93 12.05 2.35e-09 7.68e-11 
uvw1 55814.2620 11.07 0.04 13.60 351.93 11.42 2.24e-09 7.27e-11 
uvw1 55814.9269 11.12 0.04 13.65 338.25 10.95 2.15e-09 6.97e-11 
uvw1 55815.2642 11.14 0.04 13.67 332.19 10.73 2.11e-09 6.82e-11 
uvw1 55815.4004 11.16 0.04 13.69 323.78 10.54 2.05e-09 6.67e-11 
uvw1 55816.3350 11.23 0.04 13.74 303.34 10.03 1.92e-09 6.36e-11 
uvw1 55817.8582 11.43 0.04 13.96 253.74  8.20 1.60e-09 5.17e-11 
uvw1 55818.3967 11.56 0.04 14.09 225.01  7.29 1.41e-09 4.57e-11 
uvw1 55819.0720 11.63 0.04 14.12 211.53  7.07 1.32e-09 4.42e-11 
uvw1 55819.0735 11.58 0.04 14.11 220.81  7.19 1.38e-09 4.50e-11 
uvw1 55820.8799 11.93 0.04 14.36 160.06  5.69 9.88e-10 3.51e-11 
uvw1 55820.8810 11.83 0.04 14.34 175.86  5.81 1.09e-09 3.59e-11 
uvw1 55820.9484 11.87 0.04 14.34 169.72  5.81 1.05e-09 3.59e-11 
uvw1 55820.9500 11.85 0.04 14.36 172.77  5.67 1.07e-09 3.51e-11 
uvw1 55822.2183 12.12 0.04 14.49 134.54  5.04 8.20e-10 3.07e-11 
uvw1 55822.2193 12.00 0.04 14.50 150.17  5.01 9.17e-10 3.06e-11 
uvw1 55823.0222 12.02 0.04 14.43 147.47  5.35 8.99e-10 3.26e-11 
uvw1 55823.0232 12.12 0.04 14.62 134.40  4.48 8.18e-10 2.73e-11 
uvw1 55823.0889 12.09 0.04 14.46 138.00  5.21 8.41e-10 3.17e-11 
uvw1 55823.0898 12.13 0.04 14.62 133.07  4.49 8.10e-10 2.73e-11 
uvw1 55824.4274 12.31 0.04 14.61 112.57  4.53 6.88e-10 2.77e-11 
uvw1 55824.4282 12.31 0.04 14.80 112.30  3.80 6.86e-10 2.32e-11 
uvw1 55826.9117 12.54 0.04 14.83  90.99  3.69 5.59e-10 2.26e-11 
uvw1 55826.9128 12.60 0.04 15.08  86.11  2.94 5.29e-10 1.80e-11 
uvw1 55826.9750 12.66 0.05 14.86  81.98  3.59 5.02e-10 2.20e-11 
uvw1 55826.9759 12.63 0.04 15.10  84.13  2.89 5.16e-10 1.77e-11 
uvw1 55827.0421 12.65 0.05 14.83  82.07  3.67 5.03e-10 2.25e-11 
uvw1 55827.0424 12.53 0.09 14.04  92.36  7.67 5.67e-10 4.71e-11 
uvw1 55827.1009 12.68 0.04 15.15  79.94  2.75 4.89e-10 1.68e-11 
uvw1 55827.2376 12.70 0.04 15.18  78.74  2.67 4.85e-10 1.65e-11 
uvw1 55827.2999 12.73 0.04 15.02  76.28  3.09 4.69e-10 1.90e-11 
uvw1 55827.4345 12.73 0.04 15.12  76.81  2.82 4.73e-10 1.74e-11 
uvw1 55827.5049 12.69 0.04 15.17  79.77  2.70 4.92e-10 1.67e-11 
uvw1 55827.6445 12.72 0.04 15.20  77.34  2.63 4.77e-10 1.62e-11 
uvw1 55829.4485 12.85 0.05 15.08  68.74  2.93 4.26e-10 1.81e-11 
uvw1 55829.4497 12.97 0.04 15.44  61.10  2.10 3.78e-10 1.30e-11 
uvw1 55829.5166 13.05 0.05 15.11  57.08  2.86 3.50e-10 1.75e-11 
uvw1 55829.5175 12.97 0.04 15.41  61.23  2.16 3.76e-10 1.33e-11 
uvw1 55829.8451 13.01 0.06 15.05  59.43  3.01 3.65e-10 1.85e-11 
uvw1 55831.7981 13.21 0.05 15.30  49.19  2.38 3.02e-10 1.46e-11 
uvw1 55831.7992 13.30 0.04 15.73  45.42  1.61 2.79e-10 9.87e-12 
uvw1 55831.9202 13.27 0.06 15.30  46.71  2.39 2.87e-10 1.47e-11 
uvw1 55831.9213 13.29 0.04 15.72  45.69  1.62 2.81e-10 9.99e-12 
uvw1 55832.9896 13.50 0.06 15.41  37.75  2.17 2.31e-10 1.33e-11 
uvw1 55832.9906 13.45 0.04 15.85  39.53  1.44 2.42e-10 8.81e-12 
uvw1 55833.4640 13.40 0.05 15.57  41.23  1.87 2.54e-10 1.15e-11 
uvw1 55833.4657 13.48 0.04 15.94  38.24  1.33 2.35e-10 8.19e-12 
uvw1 55833.5299 13.43 0.06 15.36  40.34  2.27 2.47e-10 1.39e-11 
uvw1 55833.5308 13.50 0.04 15.89  37.58  1.39 2.30e-10 8.49e-12 
uvw1 55835.4000 13.62 0.05 15.68  33.58  1.69 2.06e-10 1.03e-11 
uvw1 55835.4015 13.72 0.04 16.13  30.84  1.12 1.89e-10 6.83e-12 
uvw1 55835.4670 13.76 0.06 15.64  29.57  1.75 1.80e-10 1.06e-11 
uvw1 55835.4682 13.74 0.04 16.12  30.25  1.12 1.84e-10 6.85e-12 
uvw1 55836.4714 13.85 0.06 15.77  27.27  1.56 1.66e-10 9.47e-12 
uvw1 55836.4728 13.84 0.04 16.23  27.55  1.01 1.67e-10 6.16e-12 
uvw1 55836.5398 13.88 0.07 15.71  26.42  1.63 1.59e-10 9.86e-12 
uvw1 55836.5410 13.83 0.04 16.20  27.82  1.04 1.68e-10 6.28e-12 
uvw1 55837.4043 13.96 0.07 15.80  24.62  1.50 1.49e-10 9.08e-12 
uvw1 55837.4056 13.90 0.04 16.28  25.98  0.97 1.57e-10 5.86e-12 
uvw1 55838.3444 14.03 0.06 15.96  23.12  1.31 1.40e-10 7.94e-12 
uvw1 55838.3460 13.97 0.04 16.37  24.33  0.90 1.48e-10 5.44e-12 
uvw1 55838.9456 14.15 0.07 15.86  20.73  1.43 1.25e-10 8.59e-12 
uvw1 55838.9468 14.05 0.04 16.39  22.74  0.88 1.37e-10 5.31e-12 
uvw1 55839.6164 14.02 0.07 15.82  23.24  1.48 1.41e-10 8.97e-12 
uvw1 55839.6177 14.13 0.04 16.47  21.09  0.81 1.28e-10 4.92e-12 
uvw1 55840.2179 14.15 0.07 15.97  20.76  1.29 1.25e-10 7.74e-12 
uvw1 55840.2193 14.15 0.04 16.51  20.64  0.79 1.24e-10 4.73e-12 
uvw1 55840.3543 14.14 0.09 15.68  20.90  1.69 1.26e-10 1.01e-11 
uvw1 55840.3551 14.14 0.04 16.41  20.87  0.86 1.25e-10 5.17e-12 
uvw1 55841.3498 14.22 0.07 15.96  19.38  1.30 1.17e-10 7.84e-12 
uvw1 55841.3510 14.26 0.04 16.58  18.77  0.73 1.13e-10 4.42e-12 
uvw1 55841.8914 14.34 0.08 15.96  17.37  1.30 1.05e-10 7.86e-12 
uvw1 55841.8926 14.27 0.04 16.56  18.60  0.75 1.12e-10 4.54e-12 
uvw1 55842.0118 14.28 0.09 15.75  18.35  1.58 1.11e-10 9.57e-12 
uvw1 55842.0123 14.29 0.06 16.28  18.15  0.97 1.10e-10 5.85e-12 
uvw1 55842.3568 14.16 0.07 15.87  20.50  1.41 1.24e-10 8.54e-12 
uvw1 55842.3579 14.27 0.04 16.57  18.53  0.74 1.12e-10 4.46e-12 
uvw1 55842.8956 14.42 0.08 16.00  16.21  1.25 9.84e-11 7.62e-12 
uvw1 55842.8968 14.34 0.04 16.62  17.34  0.71 1.05e-10 4.30e-12 
uvw1 55843.4901 14.49 0.09 16.05  15.16  1.20 9.16e-11 7.28e-12 
uvw1 55843.4912 14.41 0.04 16.69  16.32  0.67 9.88e-11 4.03e-12 
uvw1 55843.7540 14.40 0.09 15.94  16.44  1.33 1.00e-10 8.13e-12 
uvw1 55843.7550 14.33 0.04 16.60  17.60  0.72 1.07e-10 4.39e-12 
uvw1 55844.0231 14.36 0.08 15.98  17.01  1.28 1.03e-10 7.76e-12 
uvw1 55844.0243 14.44 0.04 16.71  15.90  0.65 9.64e-11 3.96e-12 
uvw1 55844.0894 14.38 0.09 15.95  16.82  1.31 1.02e-10 7.94e-12 
uvw1 55844.0905 14.41 0.04 16.67  16.35  0.68 9.89e-11 4.08e-12 
uvw1 55845.4268 14.52 0.09 16.04  14.73  1.22 9.02e-11 7.45e-12 
uvw1 55845.4279 14.49 0.04 16.75  15.09  0.63 9.25e-11 3.87e-12 
uvw1 55845.4925 14.47 0.09 15.93  15.48  1.34 9.54e-11 8.23e-12 
uvw1 55845.4934 14.46 0.05 16.69  15.51  0.66 9.56e-11 4.09e-12 
uvw1 55846.7057 14.53 0.09 16.10  14.54  1.15 8.95e-11 7.04e-12 
uvw1 55846.7069 14.56 0.04 16.82  14.17  0.59 8.71e-11 3.63e-12 
uvw1 55847.4420 14.62 0.09 16.17  13.45  1.07 8.26e-11 6.58e-12 
uvw1 55847.4433 14.64 0.05 16.88  13.23  0.56 8.12e-11 3.44e-12 
uvw1 55848.0349 14.68 0.04 17.00  12.71  0.50 7.87e-11 3.10e-12 
uvw1 55849.5023 14.64 0.04 16.97  13.15  0.52 8.17e-11 3.20e-12 
uvw1 55850.7109 14.70 0.04 17.00  12.46  0.50 7.76e-11 3.13e-12 
uvw1 55851.7247 14.77 0.04 17.05  11.72  0.48 7.30e-11 2.98e-12 
uvw1 55852.3145 14.80 0.04 17.09  11.35  0.46 7.07e-11 2.87e-12 
uvw1 55853.7100 14.83 0.04 17.10  11.10  0.46 6.90e-11 2.84e-12 
uvw1 55854.7900 14.92 0.05 17.11  10.19  0.45 6.42e-11 2.85e-12 
uvw1 55854.8540 14.94 0.05 17.09  10.01  0.46 6.31e-11 2.89e-12 
uvw1 55855.5813 14.94 0.05 17.13   9.96  0.45 6.19e-11 2.76e-12 
uvw1 55855.6514 14.92 0.05 17.11  10.20  0.45 6.34e-11 2.81e-12 
uvw1 55856.3842 14.94 0.05 17.11  10.02  0.45 6.21e-11 2.81e-12 
uvw1 55856.4512 14.93 0.05 17.09  10.14  0.46 6.30e-11 2.87e-12 
uvw1 55857.4537 14.93 0.05 17.13  10.12  0.44 6.30e-11 2.75e-12 
uvw1 55857.5196 14.92 0.06 16.89  10.16  0.56 6.29e-11 3.44e-12 
uvw1 55858.5225 15.01 0.06 16.94   9.39  0.53 5.85e-11 3.29e-12 
uvw1 55859.5290 14.98 0.05 17.10   9.65  0.46 5.97e-11 2.81e-12 
uvw1 55860.0020 15.06 0.05 17.16   8.98  0.43 5.55e-11 2.67e-12 
uvw1 55861.1305 15.21 0.05 17.39   7.83  0.35 4.82e-11 2.15e-12 
uvw1 55862.2672 15.09 0.05 17.29   8.68  0.38 5.36e-11 2.36e-12 
uvw1 55863.0028 15.13 0.05 17.32   8.36  0.37 5.20e-11 2.31e-12 
uvw1 55864.8766 15.21 0.05 17.38   7.82  0.35 4.84e-11 2.17e-12 
uvw1 55865.2097 15.18 0.05 17.36   8.01  0.36 4.94e-11 2.20e-12 
uvw1 55866.8826 15.24 0.05 17.40   7.57  0.34 4.69e-11 2.14e-12 
uvw1 55867.3552 15.32 0.06 17.24   7.03  0.40 4.30e-11 2.45e-12 
uvw1 55867.9550 15.32 0.05 17.40   7.05  0.35 4.34e-11 2.13e-12 
uvw1 55868.0862 15.28 0.05 17.46   7.32  0.33 4.50e-11 2.01e-12 
uvw1 55868.4872 15.30 0.06 17.19   7.16  0.42 4.40e-11 2.58e-12 
uvw1 55869.1567 15.30 0.05 17.44   7.17  0.33 4.40e-11 2.05e-12 
uvw1 55873.1088 15.43 0.05 17.51   6.38  0.31 3.91e-11 1.90e-12 
uvw1 55875.7203 15.98 0.10 17.43   3.85  0.34 2.30e-11 2.02e-12 
uvw1 55877.9327 15.59 0.06 17.61   5.49  0.29 3.37e-11 1.76e-12 
uvw1 55879.2004 15.67 0.06 17.64   5.12  0.28 3.11e-11 1.67e-12 
uvw1 55881.9471 15.62 0.06 17.64   5.32  0.28 3.24e-11 1.68e-12 
uvw1 55883.0332 15.66 0.06 17.56   5.15  0.30 3.14e-11 1.81e-12 
uvw1 55885.8934 15.77 0.06 17.75   4.68  0.25 2.85e-11 1.54e-12 
uvw1 55887.3015 15.79 0.06 17.73   4.58  0.25 2.79e-11 1.55e-12 
uvw1 55889.7761 15.84 0.06 17.79   4.37  0.24 2.67e-11 1.48e-12 
uvw1 55891.8345 15.89 0.06 17.80   4.17  0.24 2.54e-11 1.46e-12 
uvw1 55893.9067 15.97 0.06 17.86   3.86  0.23 2.31e-11 1.36e-12 
uvw1 55895.9116 16.00 0.07 17.87   3.77  0.23 2.26e-11 1.35e-12 
uvw1 55897.4596 15.97 0.07 17.68   3.87  0.27 2.37e-11 1.64e-12 
uvw1 55899.6575 16.09 0.07 17.93   3.47  0.21 2.08e-11 1.27e-12 
uvw1 55901.5315 16.11 0.07 17.95   3.40  0.21 2.00e-11 1.23e-12 
uvw1 55903.7306 16.16 0.07 17.97   3.27  0.20 1.88e-11 1.18e-12 
uvw1 55905.0668 16.23 0.07 18.02   3.04  0.20 1.82e-11 1.17e-12 
uvw1 55909.9472 16.25 0.07 18.02   2.98  0.20 1.79e-11 1.18e-12 
uvw1 55913.8905 16.46 0.08 18.12   2.47  0.18 1.49e-11 1.07e-12 
u    55797.9252 15.78 0.07 17.57  10.58  0.68 5.92e-11 3.79e-12 
u    55797.9921 15.65 0.07 17.51  11.87  0.71 6.63e-11 3.99e-12 
u    55799.0028 14.33 0.05 16.55  40.07  1.74 2.24e-10 9.71e-12 
u    55799.1311 14.20 0.04 16.49  45.18  1.83 2.53e-10 1.02e-11 
u    55799.2087 14.20 0.04 16.54  45.20  1.75 2.52e-10 9.78e-12 
u    55799.3988 14.00 0.04 16.35  54.60  2.08 3.05e-10 1.16e-11 
u    55799.5373 13.88 0.04 16.28  60.71  2.22 3.39e-10 1.24e-11 
u    55800.0665 13.49 0.04 15.92  87.24  3.10 4.87e-10 1.73e-11 
u    55800.2053 13.35 0.04 15.76  98.82  3.58 5.51e-10 2.00e-11 
u    55800.3395 13.27 0.04 15.73 106.58  3.70 5.95e-10 2.06e-11 
u    55800.6110 13.07 0.04 15.57 128.49  4.29 7.17e-10 2.39e-11 
u    55800.7353 13.00 0.04 15.49 136.22  4.62 7.60e-10 2.58e-11 
u    55800.8082 12.99 0.04 15.46 137.45  4.75 7.67e-10 2.65e-11 
u    55800.9350 12.84 0.04 15.30 158.63  5.48 8.85e-10 3.06e-11 
u    55801.1391 12.68 0.04 15.18 183.93  6.14 1.03e-09 3.43e-11 
u    55801.2194 12.61 0.04 15.12 196.32  6.45 1.09e-09 3.60e-11 
u    55801.4868 12.50 0.04 15.02 217.00  7.12 1.21e-09 3.97e-11 
u    55801.5368 12.50 0.04 14.96 217.46  7.49 1.21e-09 4.17e-11 
u    55801.5376 12.44 0.04 14.95 229.24  7.55 1.28e-09 4.20e-11 
u    55828.1791 11.26 0.04 13.78 682.43 22.16 3.81e-09 1.24e-10 
u    55829.4524 11.44 0.04 13.97 578.36 18.66 3.23e-09 1.04e-10 
u    55829.5195 11.44 0.04 13.96 577.42 18.80 3.22e-09 1.05e-10 
u    55831.8015 11.76 0.04 14.28 430.60 14.05 2.40e-09 7.84e-11 
u    55831.9232 11.78 0.04 14.31 420.89 13.68 2.35e-09 7.63e-11 
u    55832.9926 11.92 0.04 14.45 369.47 12.04 2.06e-09 6.71e-11 
u    55833.4695 11.99 0.04 14.52 347.73 11.25 1.94e-09 6.27e-11 
u    55833.5325 12.01 0.04 14.50 340.32 11.50 1.90e-09 6.40e-11 
u    55835.4035 12.34 0.04 14.85 250.44  8.26 1.39e-09 4.60e-11 
u    55835.4050 12.24 0.04 14.77 275.47  8.95 1.53e-09 4.98e-11 
u    55835.4697 12.36 0.04 14.85 247.09  8.28 1.37e-09 4.60e-11 
u    55835.4708 12.25 0.04 14.77 273.83  8.96 1.52e-09 4.98e-11 
u    55836.4744 12.38 0.04 14.88 241.92  8.05 1.34e-09 4.48e-11 
u    55836.4755 12.35 0.04 14.87 248.25  8.12 1.38e-09 4.51e-11 
u    55836.5425 12.40 0.04 14.89 236.98  7.96 1.32e-09 4.42e-11 
u    55836.5432 12.36 0.04 14.87 246.77  8.14 1.37e-09 4.52e-11 
u    55836.6693 12.45 0.04 14.97 227.63  7.40 1.26e-09 4.11e-11 
u    55836.7276 12.49 0.04 15.01 218.54  7.15 1.21e-09 3.97e-11 
u    55836.7942 12.46 0.04 14.98 224.84  7.33 1.25e-09 4.07e-11 
u    55836.8609 12.51 0.04 15.04 214.34  7.00 1.19e-09 3.89e-11 
u    55836.9283 12.48 0.04 15.01 219.86  7.14 1.22e-09 3.97e-11 
u    55836.9949 12.46 0.04 14.99 224.64  7.32 1.25e-09 4.06e-11 
u    55838.3480 12.55 0.04 15.04 206.47  6.97 1.15e-09 3.87e-11 
u    55838.3496 12.55 0.04 15.06 207.83  6.85 1.15e-09 3.80e-11 
u    55838.9482 12.63 0.04 15.09 192.52  6.62 1.07e-09 3.67e-11 
u    55838.9494 12.62 0.04 15.13 194.23  6.40 1.08e-09 3.55e-11 
u    55839.6192 12.66 0.04 15.13 186.99  6.44 1.04e-09 3.57e-11 
u    55839.6204 12.67 0.04 15.18 185.29  6.11 1.03e-09 3.39e-11 
u    55840.2212 12.77 0.04 15.22 169.58  5.89 9.40e-10 3.26e-11 
u    55840.2226 12.75 0.04 15.26 171.95  5.71 9.53e-10 3.16e-11 
u    55840.3563 12.81 0.04 15.21 162.21  5.98 8.99e-10 3.31e-11 
u    55840.3571 12.72 0.04 15.21 176.59  5.93 9.78e-10 3.28e-11 
u    55841.3526 12.84 0.04 15.29 157.95  5.52 8.75e-10 3.06e-11 
u    55841.3539 12.83 0.04 15.35 159.43  5.25 8.83e-10 2.91e-11 
u    55841.8940 12.78 0.04 15.21 167.64  5.95 9.29e-10 3.30e-11 
u    55841.8952 12.85 0.04 15.34 157.71  5.30 8.74e-10 2.94e-11 
u    55842.3594 12.89 0.04 15.31 151.56  5.41 8.40e-10 3.00e-11 
u    55842.3604 12.88 0.04 15.38 152.95  5.10 8.47e-10 2.83e-11 
u    55842.8982 12.87 0.04 15.29 153.57  5.53 8.51e-10 3.07e-11 
u    55842.8994 12.93 0.04 15.42 145.80  4.91 8.08e-10 2.72e-11 
u    55843.4927 12.97 0.04 15.39 139.90  5.02 7.75e-10 2.78e-11 
u    55843.4937 12.99 0.04 15.49 137.99  4.58 7.65e-10 2.54e-11 
u    55843.7564 12.96 0.04 15.36 142.37  5.20 7.89e-10 2.88e-11 
u    55843.7571 13.00 0.04 15.48 137.09  4.62 7.60e-10 2.56e-11 
u    55844.0258 13.05 0.04 15.44 130.82  4.81 7.25e-10 2.66e-11 
u    55844.0262 13.02 0.04 15.45 133.86  4.79 7.42e-10 2.66e-11 
u    55844.0920 12.94 0.04 15.35 144.52  5.24 8.01e-10 2.90e-11 
u    55844.0923 13.02 0.04 15.32 134.48  5.36 7.45e-10 2.97e-11 
u    55845.4294 13.12 0.04 15.50 122.19  4.57 6.78e-10 2.54e-11 
u    55845.4304 13.11 0.04 15.61 123.28  4.12 6.84e-10 2.29e-11 
u    55845.4947 13.12 0.04 15.47 122.10  4.67 6.78e-10 2.59e-11 
u    55845.4954 13.13 0.04 15.60 121.64  4.16 6.75e-10 2.31e-11 
u    55846.7084 13.25 0.04 15.61 109.08  4.13 6.05e-10 2.29e-11 
u    55846.7096 13.17 0.04 15.66 116.84  3.92 6.48e-10 2.17e-11 
u    55847.4449 13.27 0.04 15.63 106.42  4.03 5.91e-10 2.23e-11 
u    55847.4461 13.20 0.04 15.69 113.71  3.82 6.31e-10 2.12e-11 
u    55848.0370 13.25 0.04 15.74 108.54  3.64 6.03e-10 2.02e-11 
u    55848.5079 13.31 0.04 15.57 103.16  4.27 5.73e-10 2.37e-11 
u    55848.5087 13.27 0.04 15.74 107.05  3.66 5.95e-10 2.03e-11 
u    55849.5045 13.30 0.04 15.79 103.66  3.50 5.76e-10 1.94e-11 
u    55850.7128 13.38 0.04 15.86  96.38  3.28 5.36e-10 1.82e-11 
u    55851.6550 13.42 0.05 15.65  92.75  3.99 5.15e-10 2.22e-11 
u    55851.6558 13.40 0.04 15.86  94.73  3.28 5.26e-10 1.82e-11 
u    55851.7265 13.36 0.04 15.83  97.78  3.36 5.43e-10 1.87e-11 
u    55852.2378 13.49 0.05 15.69  86.92  3.82 4.83e-10 2.12e-11 
u    55852.2386 13.40 0.04 15.86  94.34  3.27 5.24e-10 1.81e-11 
u    55852.3165 13.45 0.04 15.92  90.31  3.09 5.02e-10 1.71e-11 
u    55853.3079 13.56 0.05 15.72  81.86  3.71 4.55e-10 2.06e-11 
u    55853.3088 13.46 0.04 15.90  89.86  3.14 4.99e-10 1.75e-11 
u    55853.7120 13.47 0.04 15.93  88.32  3.07 4.90e-10 1.70e-11 
u    55854.7913 13.47 0.04 15.91  89.03  3.12 4.95e-10 1.73e-11 
u    55854.8552 13.50 0.04 15.94  86.11  3.06 4.79e-10 1.70e-11 
u    55855.5826 13.52 0.04 15.96  84.58  2.98 4.69e-10 1.65e-11 
u    55855.6527 13.51 0.04 15.96  85.33  3.00 4.74e-10 1.66e-11 
u    55856.3854 13.57 0.04 15.99  80.67  2.89 4.48e-10 1.60e-11 
u    55856.4524 13.59 0.04 16.00  79.52  2.86 4.41e-10 1.59e-11 
u    55857.4552 13.59 0.04 16.02  79.49  2.82 4.41e-10 1.56e-11 
u    55857.5202 13.61 0.04 15.94  78.35  3.05 4.35e-10 1.69e-11 
u    55857.5246 13.65 0.05 15.79  75.12  3.50 4.17e-10 1.94e-11 
u    55857.5254 13.66 0.04 16.10  74.14  2.63 4.11e-10 1.46e-11 
u    55858.5231 13.62 0.04 15.95  77.54  3.02 4.30e-10 1.68e-11 
u    55858.5274 13.56 0.05 15.73  81.73  3.69 4.54e-10 2.05e-11 
u    55858.5282 13.63 0.04 16.06  76.57  2.71 4.25e-10 1.50e-11 
u    55859.5302 13.63 0.04 16.04  76.29  2.77 4.23e-10 1.54e-11 
u    55860.0031 13.66 0.04 16.06  74.56  2.73 4.14e-10 1.51e-11 
u    55860.0617 13.62 0.04 15.98  76.92  2.92 4.27e-10 1.62e-11 
u    55860.0677 13.61 0.05 15.76  77.92  3.58 4.32e-10 1.98e-11 
u    55860.0685 13.67 0.04 16.10  73.91  2.63 4.10e-10 1.46e-11 
u    55861.1324 13.77 0.04 16.21  67.26  2.38 3.73e-10 1.32e-11 
u    55861.5986 13.70 0.05 15.83  72.04  3.38 4.00e-10 1.87e-11 
u    55861.5994 13.69 0.04 16.13  72.58  2.56 4.03e-10 1.42e-11 
u    55862.2690 13.72 0.04 16.16  70.63  2.48 3.92e-10 1.38e-11 
u    55862.7339 13.77 0.05 15.87  67.23  3.23 3.74e-10 1.79e-11 
u    55862.7347 13.73 0.04 16.17  69.80  2.46 3.88e-10 1.37e-11 
u    55863.0046 13.76 0.04 16.19  68.02  2.41 3.78e-10 1.34e-11 
u    55864.1387 13.69 0.05 15.82  72.26  3.39 4.02e-10 1.88e-11 
u    55864.1395 13.72 0.04 16.16  70.39  2.49 3.91e-10 1.38e-11 
u    55864.8785 13.80 0.04 16.23  65.73  2.33 3.66e-10 1.30e-11 
u    55865.0077 13.85 0.05 15.92  62.55  3.10 3.48e-10 1.72e-11 
u    55865.0085 13.76 0.04 16.20  67.97  2.40 3.78e-10 1.33e-11 
u    55865.2117 13.79 0.04 16.23  65.87  2.33 3.66e-10 1.29e-11 
u    55866.6131 13.80 0.05 15.89  65.57  3.18 3.65e-10 1.77e-11 
u    55866.6139 13.89 0.04 16.32  59.99  2.15 3.34e-10 1.19e-11 
u    55866.8844 13.80 0.04 16.24  65.26  2.31 3.63e-10 1.28e-11 
u    55867.2152 13.76 0.05 15.87  67.99  3.24 3.78e-10 1.80e-11 
u    55867.2160 13.82 0.04 16.25  64.34  2.28 3.58e-10 1.27e-11 
u    55867.3560 13.81 0.04 16.14  64.86  2.52 3.61e-10 1.40e-11 
u    55867.9564 13.77 0.04 16.18  67.09  2.45 3.73e-10 1.36e-11 
u    55868.0188 13.88 0.05 15.95  60.85  3.02 3.39e-10 1.68e-11 
u    55868.0196 13.85 0.04 16.28  62.79  2.22 3.49e-10 1.24e-11 
u    55868.0883 13.83 0.04 16.26  63.70  2.26 3.54e-10 1.26e-11 
u    55868.4879 13.85 0.04 16.16  62.75  2.48 3.49e-10 1.38e-11 
u    55869.0223 13.90 0.06 15.95  59.79  3.03 3.33e-10 1.68e-11 
u    55869.0231 13.91 0.04 16.32  59.30  2.14 3.30e-10 1.19e-11 
u    55869.1585 13.87 0.04 16.29  61.13  2.20 3.40e-10 1.22e-11 
u    55873.1106 13.96 0.04 16.34  56.53  2.10 3.15e-10 1.17e-11 
u    55875.7211 14.03 0.05 16.28  53.13  2.23 2.96e-10 1.24e-11 
u    55877.9345 14.14 0.04 16.48  47.79  1.85 2.67e-10 1.03e-11 
u    55879.2022 14.12 0.04 16.46  48.82  1.89 2.72e-10 1.05e-11 
u    55881.9490 14.20 0.04 16.55  45.27  1.74 2.53e-10 9.70e-12 
u    55885.8953 14.26 0.04 16.61  42.71  1.65 2.38e-10 9.19e-12 
u    55887.3032 14.27 0.04 16.61  42.39  1.64 2.37e-10 9.16e-12 
u    55889.7779 14.33 0.04 16.66  40.22  1.56 2.25e-10 8.73e-12 
u    55891.8364 14.44 0.04 16.75  36.24  1.44 2.02e-10 8.06e-12 
u    55893.9086 14.54 0.04 16.82  33.22  1.35 1.85e-10 7.50e-12 
u    55895.9133 14.46 0.04 16.77  35.47  1.41 1.98e-10 7.87e-12 
u    55897.4606 14.57 0.05 16.76  32.22  1.43 1.80e-10 8.01e-12 
u    55899.6593 14.61 0.04 16.90  31.14  1.26 1.74e-10 7.01e-12 
u    55901.5333 14.68 0.04 16.95  29.04  1.20 1.62e-10 6.65e-12 
u    55903.7324 14.71 0.04 16.98  28.39  1.17 1.58e-10 6.51e-12 
u    55905.0687 14.75 0.04 17.02  27.24  1.13 1.52e-10 6.29e-12 
u    55909.9490 14.79 0.04 17.04  26.33  1.10 1.47e-10 6.14e-12 
u    55913.8923 14.95 0.05 17.17  22.63  0.98 1.26e-10 5.48e-12 
b    55797.9261 15.66 0.06 17.70  23.92  1.22 1.10e-10 5.59e-12 
b    55797.9930 15.50 0.05 17.61  27.78  1.32 1.27e-10 6.06e-12 
b    55799.0032 14.18 0.04 16.58  93.67  3.44 4.29e-10 1.58e-11 
b    55799.1318 14.12 0.04 16.53  99.37  3.60 4.55e-10 1.65e-11 
b    55799.2094 14.04 0.04 16.50 106.18  3.70 4.86e-10 1.70e-11 
b    55799.3995 13.88 0.04 16.33 123.39  4.30 5.66e-10 1.97e-11 
b    55799.5382 13.79 0.04 16.27 134.55  4.57 6.17e-10 2.09e-11 
b    55800.0673 13.36 0.04 15.85 198.82  6.71 9.11e-10 3.08e-11 
b    55800.2058 13.25 0.04 15.74 221.58  7.41 1.02e-09 3.40e-11 
b    55800.3401 13.13 0.04 15.64 247.51  8.12 1.14e-09 3.73e-11 
b    55801.5396 12.44 0.04 14.97 466.37 15.15 2.14e-09 6.96e-11 
b    55848.5106 12.90 0.04 15.42 304.90  9.99 1.38e-09 4.52e-11 
b    55851.6578 13.03 0.04 15.54 270.33  8.94 1.22e-09 4.04e-11 
b    55852.2398 13.18 0.04 15.64 236.14  8.15 1.07e-09 3.69e-11 
b    55852.2406 13.05 0.04 15.55 266.37  8.82 1.21e-09 4.00e-11 
b    55853.3107 13.07 0.04 15.58 259.45  8.62 1.17e-09 3.90e-11 
b    55853.7130 13.13 0.04 15.65 245.57  8.10 1.11e-09 3.67e-11 
b    55854.7920 13.15 0.04 15.66 243.02  8.01 1.10e-09 3.63e-11 
b    55854.8558 13.17 0.04 15.68 237.64  7.85 1.08e-09 3.56e-11 
b    55855.5833 13.20 0.04 15.71 230.28  7.63 1.04e-09 3.46e-11 
b    55855.6534 13.20 0.04 15.71 231.44  7.63 1.05e-09 3.46e-11 
b    55856.3861 13.19 0.04 15.70 232.47  7.73 1.05e-09 3.50e-11 
b    55856.4530 13.22 0.04 15.72 226.98  7.53 1.03e-09 3.41e-11 
b    55857.4560 13.19 0.04 15.70 232.80  7.69 1.06e-09 3.48e-11 
b    55857.5205 13.24 0.04 15.74 221.88  7.45 1.01e-09 3.38e-11 
b    55857.5266 13.30 0.04 15.75 211.23  7.36 9.57e-10 3.34e-11 
b    55857.5274 13.24 0.04 15.75 222.21  7.37 1.01e-09 3.34e-11 
b    55858.5234 13.31 0.04 15.79 209.69  7.08 9.50e-10 3.21e-11 
b    55859.5308 13.27 0.04 15.77 217.16  7.21 9.83e-10 3.26e-11 
b    55860.0037 13.28 0.04 15.79 214.36  7.11 9.71e-10 3.22e-11 
b    55860.0620 13.29 0.04 15.79 212.97  7.12 9.65e-10 3.23e-11 
b    55860.0697 13.27 0.04 15.72 216.64  7.53 9.81e-10 3.41e-11 
b    55860.0705 13.25 0.04 15.75 221.02  7.35 1.00e-09 3.33e-11 
b    55861.1334 13.42 0.04 15.93 188.38  6.26 8.53e-10 2.83e-11 
b    55861.6006 13.22 0.04 15.68 226.99  7.82 1.03e-09 3.54e-11 
b    55861.6014 13.28 0.04 15.78 215.12  7.16 9.73e-10 3.24e-11 
b    55862.2699 13.37 0.04 15.88 197.99  6.54 8.96e-10 2.96e-11 
b    55862.7359 13.37 0.04 15.81 197.03  6.96 8.91e-10 3.15e-11 
b    55862.7367 13.29 0.04 15.79 212.57  7.07 9.61e-10 3.20e-11 
b    55863.0056 13.39 0.04 15.89 194.25  6.44 8.79e-10 2.92e-11 
b    55864.1407 13.34 0.04 15.79 202.54  7.13 9.17e-10 3.23e-11 
b    55864.1415 13.32 0.04 15.82 206.43  6.89 9.35e-10 3.12e-11 
b    55864.8794 13.40 0.04 15.90 192.55  6.39 8.70e-10 2.89e-11 
b    55865.0097 13.46 0.04 15.88 182.15  6.53 8.23e-10 2.95e-11 
b    55865.0105 13.36 0.04 15.86 199.95  6.67 9.04e-10 3.02e-11 
b    55865.2126 13.43 0.04 15.93 187.62  6.22 8.48e-10 2.81e-11 
b    55866.6151 13.39 0.04 15.83 193.77  6.86 8.74e-10 3.09e-11 
b    55866.6159 13.38 0.04 15.88 194.91  6.51 8.79e-10 2.94e-11 
b    55866.8853 13.42 0.04 15.92 188.57  6.30 8.52e-10 2.85e-11 
b    55867.2171 13.42 0.04 15.85 189.12  6.72 8.54e-10 3.03e-11 
b    55867.2180 13.39 0.04 15.89 193.55  6.46 8.74e-10 2.92e-11 
b    55867.3564 13.43 0.04 15.91 186.99  6.35 8.44e-10 2.86e-11 
b    55867.9572 13.44 0.04 15.92 186.17  6.29 8.40e-10 2.84e-11 
b    55868.0208 13.42 0.04 15.85 188.84  6.74 8.52e-10 3.04e-11 
b    55868.0216 13.38 0.04 15.88 195.58  6.56 8.83e-10 2.96e-11 
b    55868.0893 13.46 0.04 15.95 182.80  6.12 8.25e-10 2.76e-11 
b    55868.4883 13.37 0.04 15.86 197.24  6.63 8.90e-10 2.99e-11 
b    55869.0242 13.49 0.04 15.90 177.25  6.43 7.99e-10 2.90e-11 
b    55869.0250 13.40 0.04 15.89 191.65  6.46 8.65e-10 2.91e-11 
b    55869.1595 13.50 0.04 16.00 175.46  5.87 7.91e-10 2.65e-11 
b    55873.1116 13.56 0.04 16.03 166.61  5.67 7.50e-10 2.55e-11 
b    55875.7215 13.58 0.04 16.02 163.41  5.72 7.34e-10 2.57e-11 
b    55877.9354 13.66 0.04 16.12 151.14  5.21 6.79e-10 2.34e-11 
b    55879.2031 13.61 0.04 16.08 158.84  5.43 7.14e-10 2.44e-11 
b    55881.9499 13.62 0.04 16.10 157.71  5.35 7.08e-10 2.40e-11 
b    55885.8963 13.68 0.04 16.16 148.32  5.05 6.66e-10 2.27e-11 
b    55887.3041 13.72 0.04 16.20 143.30  4.87 6.44e-10 2.19e-11 
b    55889.7789 13.75 0.04 16.22 139.65  4.77 6.27e-10 2.14e-11 
b    55891.8373 13.83 0.04 16.30 129.59  4.43 5.82e-10 1.99e-11 
b    55893.9095 13.83 0.04 16.30 129.63  4.42 5.82e-10 1.98e-11 
b    55895.9142 13.87 0.04 16.35 124.35  4.24 5.59e-10 1.90e-11 
b    55897.4611 13.85 0.04 16.30 127.25  4.43 5.72e-10 1.99e-11 
b    55899.6602 13.88 0.04 16.36 123.14  4.18 5.53e-10 1.88e-11 
b    55901.5343 13.97 0.04 16.44 113.99  3.90 5.12e-10 1.75e-11 
b    55903.7334 13.92 0.04 16.40 118.78  4.04 5.33e-10 1.81e-11 
b    55905.0697 13.99 0.04 16.46 111.43  3.81 5.00e-10 1.71e-11 
b    55909.9499 14.04 0.04 16.51 106.66  3.66 4.79e-10 1.64e-11 
b    55913.8933 14.06 0.04 16.53 104.42  3.58 4.69e-10 1.61e-11 
v    55797.9309 15.27 0.06 17.18  11.12  0.64 4.08e-11 2.34e-12 
v    55797.9978 15.10 0.06 17.09  13.12  0.70 4.81e-11 2.56e-12 
v    55799.0058 13.93 0.05 16.14  38.48  1.67 1.41e-10 6.11e-12 
v    55799.1360 13.79 0.04 16.11  43.45  1.72 1.59e-10 6.29e-12 
v    55799.2135 13.75 0.04 16.09  45.33  1.75 1.66e-10 6.41e-12 
v    55799.4037 13.65 0.04 16.00  49.86  1.90 1.83e-10 6.96e-12 
v    55799.5432 13.49 0.04 15.90  57.34  2.09 2.10e-10 7.67e-12 
v    55800.0719 13.12 0.04 15.56  80.99  2.84 2.97e-10 1.04e-11 
v    55800.2084 13.04 0.04 15.44  86.91  3.19 3.19e-10 1.17e-11 
v    55800.3436 12.99 0.04 15.44  90.81  3.19 3.34e-10 1.17e-11 
v    55800.6183 12.82 0.04 15.31 107.03  3.60 3.94e-10 1.32e-11 
v    55800.7400 12.76 0.04 15.23 112.91  3.85 4.15e-10 1.42e-11 
v    55800.8107 12.72 0.04 15.16 116.50  4.11 4.29e-10 1.51e-11 
v    55800.9372 12.69 0.04 15.12 120.46  4.29 4.44e-10 1.58e-11 
v    55801.1424 12.53 0.04 15.01 139.60  4.75 5.14e-10 1.75e-11 
v    55801.2235 12.46 0.04 14.96 147.92  4.94 5.45e-10 1.82e-11 
v    55801.4908 12.44 0.04 14.94 151.06  5.05 5.57e-10 1.86e-11 
v    55801.5407 12.40 0.04 14.80 156.82  5.75 5.78e-10 2.12e-11 
v    55801.5424 12.38 0.04 14.89 160.63  5.26 5.92e-10 1.94e-11 
v    55802.1588 12.31 0.04 14.82 169.82  5.64 6.28e-10 2.09e-11 
v    55802.2205 12.16 0.04 14.68 196.20  6.42 7.25e-10 2.37e-11 
v    55804.5012 11.32 0.04 13.86 422.96 13.66 1.56e-09 5.04e-11 
v    55805.4342 11.11 0.04 13.65 516.36 16.56 1.91e-09 6.11e-11 
v    55806.7679 10.85 0.04 13.39 657.82 21.04 2.43e-09 7.77e-11 
v    55807.0237 10.82 0.04 13.36 675.25 21.67 2.50e-09 8.01e-11 
v    55831.7940 10.89 0.04 13.42 632.60 20.48 2.31e-09 7.49e-11 
v    55831.9165 10.89 0.04 13.43 630.87 20.30 2.31e-09 7.43e-11 
v    55832.9861 10.93 0.04 13.47 608.77 19.59 2.22e-09 7.15e-11 
v    55833.4582 10.96 0.04 13.50 588.74 18.97 2.15e-09 6.92e-11 
v    55833.5263 10.94 0.04 13.46 602.82 19.66 2.20e-09 7.17e-11 
v    55835.3946 11.04 0.04 13.57 551.42 17.76 2.01e-09 6.46e-11 
v    55835.4629 11.06 0.04 13.59 539.87 17.52 1.97e-09 6.38e-11 
v    55836.4668 11.12 0.04 13.65 512.75 16.58 1.86e-09 6.03e-11 
v    55836.5357 11.13 0.04 13.66 506.02 16.38 1.84e-09 5.96e-11 
v    55838.3388 11.21 0.04 13.74 469.26 15.24 1.71e-09 5.54e-11 
v    55838.9415 11.23 0.04 13.76 461.16 14.90 1.68e-09 5.42e-11 
v    55839.6121 11.27 0.04 13.79 446.84 14.48 1.63e-09 5.27e-11 
v    55840.2128 11.30 0.04 13.83 430.67 14.02 1.57e-09 5.10e-11 
v    55840.3511 11.31 0.04 13.83 429.07 13.98 1.56e-09 5.08e-11 
v    55841.3453 11.39 0.04 13.92 399.72 12.86 1.45e-09 4.67e-11 
v    55841.8874 11.38 0.04 13.90 400.50 13.12 1.46e-09 4.77e-11 
v    55842.3527 11.43 0.04 13.96 385.27 12.50 1.40e-09 4.54e-11 
v    55842.8915 11.44 0.04 13.96 379.46 12.41 1.38e-09 4.51e-11 
v    55843.4860 11.51 0.04 14.05 357.00 11.48 1.30e-09 4.17e-11 
v    55843.7502 11.51 0.04 14.04 357.77 11.59 1.30e-09 4.21e-11 
v    55844.0190 11.53 0.04 14.05 351.44 11.40 1.28e-09 4.14e-11 
v    55844.0855 11.55 0.04 14.08 343.43 11.13 1.25e-09 4.04e-11 
v    55845.4229 11.63 0.04 14.16 319.59 10.35 1.16e-09 3.76e-11 
v    55845.4890 11.62 0.04 14.15 322.24 10.46 1.17e-09 3.80e-11 
v    55846.7014 11.71 0.04 14.24 296.84  9.60 1.08e-09 3.49e-11 
v    55847.4376 11.76 0.04 14.30 281.99  9.13 1.02e-09 3.32e-11 
v    55848.5118 11.90 0.04 14.38 249.81  8.42 9.08e-10 3.06e-11 
v    55848.5164 11.85 0.04 14.38 260.61  8.41 9.47e-10 3.06e-11 
v    55849.5119 11.94 0.04 14.48 239.57  7.74 8.71e-10 2.81e-11 
v    55851.6590 12.00 0.04 14.47 227.17  7.76 8.26e-10 2.82e-11 
v    55851.6609 12.01 0.04 14.54 225.36  7.32 8.19e-10 2.66e-11 
v    55852.2417 12.07 0.04 14.53 213.32  7.33 7.76e-10 2.67e-11 
v    55852.2429 12.02 0.04 14.55 223.11  7.24 8.11e-10 2.63e-11 
v    55852.3234 12.04 0.04 14.57 218.35  7.09 7.94e-10 2.58e-11 
v    55853.3119 12.07 0.04 14.53 212.70  7.35 7.73e-10 2.67e-11 
v    55853.3140 12.06 0.04 14.58 215.56  7.00 7.84e-10 2.54e-11 
v    55853.7188 12.12 0.04 14.65 202.43  6.61 7.36e-10 2.40e-11 
v    55854.8593 12.14 0.04 14.66 199.77  6.54 7.26e-10 2.38e-11 
v    55855.5873 12.18 0.04 14.70 192.88  6.29 7.01e-10 2.29e-11 
v    55855.6574 12.16 0.04 14.68 196.04  6.39 7.13e-10 2.32e-11 
v    55856.3898 12.20 0.04 14.71 188.87  6.21 6.87e-10 2.26e-11 
v    55856.4565 12.24 0.04 14.75 181.86  6.00 6.62e-10 2.18e-11 
v    55857.4606 12.23 0.04 14.74 184.05  6.05 6.69e-10 2.20e-11 
v    55857.5222 12.30 0.04 14.78 171.83  5.82 6.25e-10 2.12e-11 
v    55857.5286 12.25 0.04 14.68 180.54  6.42 6.57e-10 2.33e-11 
v    55857.5311 12.25 0.04 14.78 180.18  5.86 6.55e-10 2.13e-11 
v    55858.5251 12.30 0.04 14.78 172.20  5.83 6.27e-10 2.12e-11 
v    55859.5343 12.27 0.04 14.78 176.98  5.85 6.44e-10 2.13e-11 
v    55860.0070 12.29 0.04 14.80 173.87  5.76 6.33e-10 2.10e-11 
v    55860.0641 12.31 0.04 14.80 170.78  5.76 6.22e-10 2.10e-11 
v    55860.0716 12.33 0.04 14.74 166.83  6.04 6.07e-10 2.20e-11 
v    55860.0734 12.30 0.04 14.83 171.46  5.60 6.24e-10 2.04e-11 
v    55861.1390 12.41 0.04 14.93 154.86  5.08 5.64e-10 1.85e-11 
v    55861.6025 12.36 0.04 14.77 163.25  5.90 5.95e-10 2.15e-11 
v    55861.6035 12.34 0.04 14.85 166.43  5.48 6.06e-10 2.00e-11 
v    55862.2753 12.40 0.04 14.91 157.62  5.16 5.74e-10 1.88e-11 
v    55862.7379 12.36 0.04 14.77 163.62  5.91 5.96e-10 2.15e-11 
v    55862.7395 12.37 0.04 14.90 161.14  5.25 5.87e-10 1.91e-11 
v    55863.0110 12.44 0.04 14.95 151.28  4.98 5.51e-10 1.81e-11 
v    55864.1426 12.53 0.04 14.89 139.58  5.27 5.09e-10 1.92e-11 
v    55864.1440 12.42 0.04 14.94 153.75  5.06 5.60e-10 1.84e-11 
v    55864.8850 12.47 0.04 14.98 147.02  4.85 5.36e-10 1.77e-11 
v    55865.0116 12.48 0.04 14.86 145.62  5.41 5.31e-10 1.97e-11 
v    55865.0132 12.44 0.04 14.96 150.82  4.93 5.50e-10 1.80e-11 
v    55865.2183 12.50 0.04 15.01 143.53  4.75 5.23e-10 1.73e-11 
v    55866.6170 12.46 0.04 14.85 149.12  5.51 5.43e-10 2.01e-11 
v    55866.6187 12.49 0.04 15.01 144.54  4.72 5.27e-10 1.72e-11 
v    55866.8907 12.52 0.04 15.04 140.10  4.61 5.11e-10 1.68e-11 
v    55867.2191 12.58 0.04 14.94 133.29  5.07 4.86e-10 1.85e-11 
v    55867.2208 12.52 0.04 15.04 140.74  4.61 5.13e-10 1.68e-11 
v    55867.3589 12.53 0.04 15.00 139.87  4.77 5.10e-10 1.74e-11 
v    55867.9613 12.54 0.04 15.03 138.02  4.63 5.04e-10 1.69e-11 
v    55868.0228 12.56 0.04 14.93 135.77  5.11 4.95e-10 1.86e-11 
v    55868.0240 12.55 0.04 15.06 137.20  4.50 5.01e-10 1.64e-11 
v    55868.0956 12.57 0.04 15.07 134.43  4.49 4.90e-10 1.64e-11 
v    55868.4904 12.57 0.04 15.03 134.50  4.63 4.91e-10 1.69e-11 
v    55869.0262 12.61 0.04 14.95 130.03  5.00 4.75e-10 1.83e-11 
v    55869.0275 12.58 0.04 15.08 132.98  4.43 4.85e-10 1.62e-11 
v    55869.1649 12.60 0.04 15.10 131.03  4.36 4.78e-10 1.59e-11 
v    55873.1170 12.67 0.04 15.16 122.54  4.13 4.48e-10 1.51e-11 
v    55875.7238 12.67 0.04 15.12 122.50  4.29 4.48e-10 1.57e-11 
v    55877.9408 12.84 0.04 15.31 104.97  3.57 3.84e-10 1.31e-11 
v    55879.2084 12.87 0.04 15.34 101.68  3.50 3.72e-10 1.28e-11 
v    55881.9555 12.94 0.04 15.40  95.35  3.29 3.49e-10 1.21e-11 
v    55885.9020 13.03 0.04 15.49  88.07  3.03 3.23e-10 1.11e-11 
v    55887.3093 13.09 0.04 15.54  83.08  2.89 3.05e-10 1.06e-11 
v    55889.7843 13.10 0.04 15.56  82.46  2.85 3.02e-10 1.04e-11 
v    55891.8427 13.20 0.04 15.65  75.24  2.62 2.76e-10 9.62e-12 
v    55893.9149 13.25 0.04 15.70  71.57  2.50 2.62e-10 9.18e-12 
v    55895.9195 13.27 0.04 15.71  70.35  2.47 2.58e-10 9.07e-12 
v    55897.4641 13.33 0.04 15.71  66.41  2.48 2.43e-10 9.07e-12 
v    55899.6657 13.34 0.04 15.78  66.34  2.34 2.43e-10 8.57e-12 
v    55901.5399 13.45 0.04 15.87  59.60  2.13 2.19e-10 7.83e-12 
v    55903.7387 13.50 0.04 15.91  57.19  2.06 2.10e-10 7.55e-12 
v    55905.0753 13.53 0.04 15.95  55.60  2.00 2.04e-10 7.32e-12 
v    55909.9551 13.61 0.04 16.02  51.57  1.87 1.89e-10 6.86e-12 
v    55913.8987 13.66 0.04 16.06  49.33  1.80 1.81e-10 6.61e-12 
